400
0 1 144 145 0
0 11 144 155 0
1 2 145 146 0
2 3 146 147 0
3 4 147 148 0
4 5 148 149 0
5 6 149 150 0
6 7 150 151 0
7 8 151 152 0
8 9 152 153 0
9 10 153 154 0
10 21 154 165 0
11 22 155 166 0
21 32 165 176 0
22 33 166 177 0
32 43 176 187 0
33 44 177 188 0
43 51 187 195 0
44 52 188 196 0
51 59 195 203 0
52 60 196 204 0
59 67 203 211 0
60 68 204 212 0
67 78 211 222 0
68 79 212 223 0
78 89 222 233 0
79 90 223 234 0
89 100 233 244 0
90 101 234 245 0
100 111 244 255 0
101 102 245 246 0
102 103 246 247 0
103 104 247 248 0
104 105 248 249 0
105 106 249 250 0
106 107 250 251 0
107 108 251 252 0
108 109 252 253 0
109 110 253 254 0
110 111 254 255 0
144 145 288 289 0
144 155 288 299 0
145 146 289 290 0
146 147 290 291 0
147 148 291 292 0
148 149 292 293 0
149 150 293 294 0
150 151 294 295 0
151 152 295 296 0
152 153 296 297 0
153 154 297 298 0
154 165 298 309 0
155 166 299 310 0
165 176 309 320 0
166 177 310 321 0
176 187 320 331 0
177 188 321 332 0
187 195 331 339 0
188 196 332 340 0
195 203 339 347 0
196 204 340 348 0
203 211 347 355 0
204 212 348 356 0
211 222 355 366 0
212 223 356 367 0
222 233 366 377 0
223 234 367 378 0
233 244 377 388 0
234 245 378 389 0
244 255 388 399 0
245 246 389 390 0
246 247 390 391 0
247 248 391 392 0
248 249 392 393 0
249 250 393 394 0
250 251 394 395 0
251 252 395 396 0
252 253 396 397 0
253 254 397 398 0
254 255 398 399 0
288 289 432 433 0
288 299 432 443 0
289 290 433 434 0
290 291 434 435 0
291 292 435 436 0
292 293 436 437 0
293 294 437 438 0
294 295 438 439 0
295 296 439 440 0
296 297 440 441 0
297 298 441 442 0
298 309 442 453 0
299 310 443 454 0
309 320 453 464 0
310 321 454 465 0
320 331 464 475 0
321 332 465 476 0
331 339 475 483 0
332 340 476 484 0
339 347 483 491 0
340 348 484 492 0
347 355 491 499 0
348 356 492 500 0
355 366 499 510 0
356 367 500 511 0
366 377 510 521 0
367 378 511 522 0
377 388 521 532 0
378 389 522 533 0
388 399 532 543 0
389 390 533 534 0
390 391 534 535 0
391 392 535 536 0
392 393 536 537 0
393 394 537 538 0
394 395 538 539 0
395 396 539 540 0
396 397 540 541 0
397 398 541 542 0
398 399 542 543 0
432 433 576 577 0
432 443 576 587 0
433 434 577 578 0
434 435 578 579 0
435 436 579 580 0
436 437 580 581 0
437 438 581 582 0
438 439 582 583 0
439 440 583 584 0
440 441 584 585 0
441 442 585 586 0
442 453 586 597 0
443 454 587 598 0
453 464 597 608 0
454 465 598 609 0
464 475 608 619 0
465 476 609 620 0
475 483 619 627 0
476 484 620 628 0
483 491 627 635 0
484 492 628 636 0
491 499 635 643 0
492 500 636 644 0
499 510 643 654 0
500 511 644 655 0
510 521 654 665 0
511 522 655 666 0
521 532 665 676 0
522 533 666 677 0
532 543 676 687 0
533 534 677 678 0
534 535 678 679 0
535 536 679 680 0
536 537 680 681 0
537 538 681 682 0
538 539 682 683 0
539 540 683 684 0
540 541 684 685 0
541 542 685 686 0
542 543 686 687 0
576 577 720 721 0
576 587 720 731 0
577 578 721 722 0
578 579 722 723 0
579 580 723 724 0
580 581 724 725 0
581 582 725 726 0
582 583 726 727 0
583 584 727 728 0
584 585 728 729 0
585 586 729 730 0
586 597 730 741 0
587 598 731 742 0
597 608 741 752 0
598 609 742 753 0
608 619 752 763 0
609 620 753 764 0
619 627 763 771 0
620 628 764 772 0
627 635 771 779 0
628 636 772 780 0
635 643 779 787 0
636 644 780 788 0
643 654 787 798 0
644 655 788 799 0
654 665 798 809 0
655 666 799 810 0
665 676 809 820 0
666 677 810 821 0
676 687 820 831 0
677 678 821 822 0
678 679 822 823 0
679 680 823 824 0
680 681 824 825 0
681 682 825 826 0
682 683 826 827 0
683 684 827 828 0
684 685 828 829 0
685 686 829 830 0
686 687 830 831 0
720 721 864 865 0
720 731 864 875 0
721 722 865 866 0
722 723 866 867 0
723 724 867 868 0
724 725 868 869 0
725 726 869 870 0
726 727 870 871 0
727 728 871 872 0
728 729 872 873 0
729 730 873 874 0
730 741 874 885 0
731 742 875 886 0
741 752 885 896 0
742 753 886 897 0
752 763 896 907 0
753 764 897 908 0
763 771 907 915 0
764 772 908 916 0
771 779 915 923 0
772 780 916 924 0
779 787 923 931 0
780 788 924 932 0
787 798 931 942 0
788 799 932 943 0
798 809 942 953 0
799 810 943 954 0
809 820 953 964 0
810 821 954 965 0
820 831 964 975 0
821 822 965 966 0
822 823 966 967 0
823 824 967 968 0
824 825 968 969 0
825 826 969 970 0
826 827 970 971 0
827 828 971 972 0
828 829 972 973 0
829 830 973 974 0
830 831 974 975 0
864 865 1008 1009 0
864 875 1008 1019 0
865 866 1009 1010 0
866 867 1010 1011 0
867 868 1011 1012 0
868 869 1012 1013 0
869 870 1013 1014 0
870 871 1014 1015 0
871 872 1015 1016 0
872 873 1016 1017 0
873 874 1017 1018 0
874 885 1018 1029 0
875 886 1019 1030 0
885 896 1029 1040 0
886 897 1030 1041 0
896 907 1040 1051 0
897 908 1041 1052 0
907 915 1051 1059 0
908 916 1052 1060 0
915 923 1059 1067 0
916 924 1060 1068 0
923 931 1067 1075 0
924 932 1068 1076 0
931 942 1075 1086 0
932 943 1076 1087 0
942 953 1086 1097 0
943 954 1087 1098 0
953 964 1097 1108 0
954 965 1098 1109 0
964 975 1108 1119 0
965 966 1109 1110 0
966 967 1110 1111 0
967 968 1111 1112 0
968 969 1112 1113 0
969 970 1113 1114 0
970 971 1114 1115 0
971 972 1115 1116 0
972 973 1116 1117 0
973 974 1117 1118 0
974 975 1118 1119 0
1008 1009 1152 1153 0
1008 1019 1152 1163 0
1009 1010 1153 1154 0
1010 1011 1154 1155 0
1011 1012 1155 1156 0
1012 1013 1156 1157 0
1013 1014 1157 1158 0
1014 1015 1158 1159 0
1015 1016 1159 1160 0
1016 1017 1160 1161 0
1017 1018 1161 1162 0
1018 1029 1162 1173 0
1019 1030 1163 1174 0
1029 1040 1173 1184 0
1030 1041 1174 1185 0
1040 1051 1184 1195 0
1041 1052 1185 1196 0
1051 1059 1195 1203 0
1052 1060 1196 1204 0
1059 1067 1203 1211 0
1060 1068 1204 1212 0
1067 1075 1211 1219 0
1068 1076 1212 1220 0
1075 1086 1219 1230 0
1076 1087 1220 1231 0
1086 1097 1230 1241 0
1087 1098 1231 1242 0
1097 1108 1241 1252 0
1098 1109 1242 1253 0
1108 1119 1252 1263 0
1109 1110 1253 1254 0
1110 1111 1254 1255 0
1111 1112 1255 1256 0
1112 1113 1256 1257 0
1113 1114 1257 1258 0
1114 1115 1258 1259 0
1115 1116 1259 1260 0
1116 1117 1260 1261 0
1117 1118 1261 1262 0
1118 1119 1262 1263 0
1152 1153 1296 1297 0
1152 1163 1296 1307 0
1153 1154 1297 1298 0
1154 1155 1298 1299 0
1155 1156 1299 1300 0
1156 1157 1300 1301 0
1157 1158 1301 1302 0
1158 1159 1302 1303 0
1159 1160 1303 1304 0
1160 1161 1304 1305 0
1161 1162 1305 1306 0
1162 1173 1306 1317 0
1163 1174 1307 1318 0
1173 1184 1317 1328 0
1174 1185 1318 1329 0
1184 1195 1328 1339 0
1185 1196 1329 1340 0
1195 1203 1339 1347 0
1196 1204 1340 1348 0
1203 1211 1347 1355 0
1204 1212 1348 1356 0
1211 1219 1355 1363 0
1212 1220 1356 1364 0
1219 1230 1363 1374 0
1220 1231 1364 1375 0
1230 1241 1374 1385 0
1231 1242 1375 1386 0
1241 1252 1385 1396 0
1242 1253 1386 1397 0
1252 1263 1396 1407 0
1253 1254 1397 1398 0
1254 1255 1398 1399 0
1255 1256 1399 1400 0
1256 1257 1400 1401 0
1257 1258 1401 1402 0
1258 1259 1402 1403 0
1259 1260 1403 1404 0
1260 1261 1404 1405 0
1261 1262 1405 1406 0
1262 1263 1406 1407 0
1296 1297 1440 1441 0
1296 1307 1440 1451 0
1297 1298 1441 1442 0
1298 1299 1442 1443 0
1299 1300 1443 1444 0
1300 1301 1444 1445 0
1301 1302 1445 1446 0
1302 1303 1446 1447 0
1303 1304 1447 1448 0
1304 1305 1448 1449 0
1305 1306 1449 1450 0
1306 1317 1450 1461 0
1307 1318 1451 1462 0
1317 1328 1461 1472 0
1318 1329 1462 1473 0
1328 1339 1472 1483 0
1329 1340 1473 1484 0
1339 1347 1483 1491 0
1340 1348 1484 1492 0
1347 1355 1491 1499 0
1348 1356 1492 1500 0
1355 1363 1499 1507 0
1356 1364 1500 1508 0
1363 1374 1507 1518 0
1364 1375 1508 1519 0
1374 1385 1518 1529 0
1375 1386 1519 1530 0
1385 1396 1529 1540 0
1386 1397 1530 1541 0
1396 1407 1540 1551 0
1397 1398 1541 1542 0
1398 1399 1542 1543 0
1399 1400 1543 1544 0
1400 1401 1544 1545 0
1401 1402 1545 1546 0
1402 1403 1546 1547 0
1403 1404 1547 1548 0
1404 1405 1548 1549 0
1405 1406 1549 1550 0
1406 1407 1550 1551 0
