1160
0 1 11 12  116 117 127 128 
1 2 12 13  117 118 128 129 
2 3 13 14  118 119 129 130 
3 4 14 15  119 120 130 131 
4 5 15 16  120 121 131 132 
5 6 16 17  121 122 132 133 
6 7 17 18  122 123 133 134 
7 8 18 19  123 124 134 135 
8 9 19 20  124 125 135 136 
9 10 20 21  125 126 136 137 
11 12 22 23  127 128 138 139 
12 13 23 24  128 129 139 140 
13 14 24 25  129 130 140 141 
14 15 25 26  130 131 141 142 
15 16 26 27  131 132 142 143 
16 17 27 28  132 133 143 144 
17 18 28 29  133 134 144 145 
18 19 29 30  134 135 145 146 
19 20 30 31  135 136 146 147 
20 21 31 32  136 137 147 148 
22 23 33 34  138 139 149 150 
23 24 34 35  139 140 150 151 
24 25 35 36  140 141 151 152 
25 26 36 37  141 142 152 153 
26 27 37 38  142 143 153 154 
27 28 38 39  143 144 154 155 
28 29 39 40  144 145 155 156 
29 30 40 41  145 146 156 157 
30 31 41 42  146 147 157 158 
31 32 42 43  147 148 158 159 
33 34 44 45  149 150 160 161 
34 35 45 46  150 151 161 162 
35 36 46 47  151 152 162 163 
40 41 48 49  156 157 164 165 
41 42 49 50  157 158 165 166 
42 43 50 51  158 159 166 167 
44 45 52 53  160 161 168 169 
45 46 53 54  161 162 169 170 
46 47 54 55  162 163 170 171 
48 49 56 57  164 165 172 173 
49 50 57 58  165 166 173 174 
50 51 58 59  166 167 174 175 
52 53 60 61  168 169 176 177 
53 54 61 62  169 170 177 178 
54 55 62 63  170 171 178 179 
56 57 64 65  172 173 180 181 
57 58 65 66  173 174 181 182 
58 59 66 67  174 175 182 183 
60 61 68 69  176 177 184 185 
61 62 69 70  177 178 185 186 
62 63 70 71  178 179 186 187 
64 65 75 76  180 181 191 192 
65 66 76 77  181 182 192 193 
66 67 77 78  182 183 193 194 
68 69 79 80  184 185 195 196 
69 70 80 81  185 186 196 197 
70 71 81 82  186 187 197 198 
71 72 82 83  187 188 198 199 
72 73 83 84  188 189 199 200 
73 74 84 85  189 190 200 201 
74 75 85 86  190 191 201 202 
75 76 86 87  191 192 202 203 
76 77 87 88  192 193 203 204 
77 78 88 89  193 194 204 205 
79 80 90 91  195 196 206 207 
80 81 91 92  196 197 207 208 
81 82 92 93  197 198 208 209 
82 83 93 94  198 199 209 210 
83 84 94 95  199 200 210 211 
84 85 95 96  200 201 211 212 
85 86 96 97  201 202 212 213 
86 87 97 98  202 203 213 214 
87 88 98 99  203 204 214 215 
88 89 99 100  204 205 215 216 
90 91 101 102  206 207 217 218 
91 92 102 103  207 208 218 219 
92 93 103 104  208 209 219 220 
93 94 104 105  209 210 220 221 
94 95 105 106  210 211 221 222 
95 96 106 107  211 212 222 223 
96 97 107 108  212 213 223 224 
97 98 108 109  213 214 224 225 
98 99 109 110  214 215 225 226 
99 100 110 111  215 216 226 227 
112 114 113 115  228 230 229 231 
113 115 36 37  229 231 152 153 
114 116 115 117  230 232 231 233 
115 117 37 38  231 233 153 154 
116 118 117 119  232 234 233 235 
117 119 38 39  233 235 154 155 
118 120 119 121  234 236 235 237 
119 121 39 40  235 237 155 156 
120 122 121 123  236 238 237 239 
121 123 40 48  237 239 156 164 
122 124 123 125  238 240 239 241 
123 125 48 56  239 241 164 172 
124 126 125 127  240 242 241 243 
125 127 56 64  241 243 172 180 
126 128 127 129  242 244 243 245 
127 129 64 75  243 245 180 191 
128 130 129 131  244 246 245 247 
129 131 75 74  245 247 191 190 
130 132 131 133  246 248 247 249 
131 133 74 73  247 249 190 189 
132 134 133 135  248 250 249 251 
133 135 73 72  249 251 189 188 
134 136 135 137  250 252 251 253 
135 137 72 71  251 253 188 187 
136 138 137 139  252 254 253 255 
137 139 71 63  253 255 187 179 
138 140 139 141  254 256 255 257 
139 141 63 55  255 257 179 171 
140 142 141 143  256 258 257 259 
141 143 55 47  257 259 171 163 
142 112 143 113  258 228 259 229 
143 113 47 36  259 229 163 152 
116 117 127 128  232 233 243 244 
117 118 128 129  233 234 244 245 
118 119 129 130  234 235 245 246 
119 120 130 131  235 236 246 247 
120 121 131 132  236 237 247 248 
121 122 132 133  237 238 248 249 
122 123 133 134  238 239 249 250 
123 124 134 135  239 240 250 251 
124 125 135 136  240 241 251 252 
125 126 136 137  241 242 252 253 
127 128 138 139  243 244 254 255 
128 129 139 140  244 245 255 256 
129 130 140 141  245 246 256 257 
130 131 141 142  246 247 257 258 
131 132 142 143  247 248 258 259 
132 133 143 144  248 249 259 260 
133 134 144 145  249 250 260 261 
134 135 145 146  250 251 261 262 
135 136 146 147  251 252 262 263 
136 137 147 148  252 253 263 264 
138 139 149 150  254 255 265 266 
139 140 150 151  255 256 266 267 
140 141 151 152  256 257 267 268 
141 142 152 153  257 258 268 269 
142 143 153 154  258 259 269 270 
143 144 154 155  259 260 270 271 
144 145 155 156  260 261 271 272 
145 146 156 157  261 262 272 273 
146 147 157 158  262 263 273 274 
147 148 158 159  263 264 274 275 
149 150 160 161  265 266 276 277 
150 151 161 162  266 267 277 278 
151 152 162 163  267 268 278 279 
156 157 164 165  272 273 280 281 
157 158 165 166  273 274 281 282 
158 159 166 167  274 275 282 283 
160 161 168 169  276 277 284 285 
161 162 169 170  277 278 285 286 
162 163 170 171  278 279 286 287 
164 165 172 173  280 281 288 289 
165 166 173 174  281 282 289 290 
166 167 174 175  282 283 290 291 
168 169 176 177  284 285 292 293 
169 170 177 178  285 286 293 294 
170 171 178 179  286 287 294 295 
172 173 180 181  288 289 296 297 
173 174 181 182  289 290 297 298 
174 175 182 183  290 291 298 299 
176 177 184 185  292 293 300 301 
177 178 185 186  293 294 301 302 
178 179 186 187  294 295 302 303 
180 181 191 192  296 297 307 308 
181 182 192 193  297 298 308 309 
182 183 193 194  298 299 309 310 
184 185 195 196  300 301 311 312 
185 186 196 197  301 302 312 313 
186 187 197 198  302 303 313 314 
187 188 198 199  303 304 314 315 
188 189 199 200  304 305 315 316 
189 190 200 201  305 306 316 317 
190 191 201 202  306 307 317 318 
191 192 202 203  307 308 318 319 
192 193 203 204  308 309 319 320 
193 194 204 205  309 310 320 321 
195 196 206 207  311 312 322 323 
196 197 207 208  312 313 323 324 
197 198 208 209  313 314 324 325 
198 199 209 210  314 315 325 326 
199 200 210 211  315 316 326 327 
200 201 211 212  316 317 327 328 
201 202 212 213  317 318 328 329 
202 203 213 214  318 319 329 330 
203 204 214 215  319 320 330 331 
204 205 215 216  320 321 331 332 
206 207 217 218  322 323 333 334 
207 208 218 219  323 324 334 335 
208 209 219 220  324 325 335 336 
209 210 220 221  325 326 336 337 
210 211 221 222  326 327 337 338 
211 212 222 223  327 328 338 339 
212 213 223 224  328 329 339 340 
213 214 224 225  329 330 340 341 
214 215 225 226  330 331 341 342 
215 216 226 227  331 332 342 343 
228 230 229 231  344 346 345 347 
229 231 152 153  345 347 268 269 
230 232 231 233  346 348 347 349 
231 233 153 154  347 349 269 270 
232 234 233 235  348 350 349 351 
233 235 154 155  349 351 270 271 
234 236 235 237  350 352 351 353 
235 237 155 156  351 353 271 272 
236 238 237 239  352 354 353 355 
237 239 156 164  353 355 272 280 
238 240 239 241  354 356 355 357 
239 241 164 172  355 357 280 288 
240 242 241 243  356 358 357 359 
241 243 172 180  357 359 288 296 
242 244 243 245  358 360 359 361 
243 245 180 191  359 361 296 307 
244 246 245 247  360 362 361 363 
245 247 191 190  361 363 307 306 
246 248 247 249  362 364 363 365 
247 249 190 189  363 365 306 305 
248 250 249 251  364 366 365 367 
249 251 189 188  365 367 305 304 
250 252 251 253  366 368 367 369 
251 253 188 187  367 369 304 303 
252 254 253 255  368 370 369 371 
253 255 187 179  369 371 303 295 
254 256 255 257  370 372 371 373 
255 257 179 171  371 373 295 287 
256 258 257 259  372 374 373 375 
257 259 171 163  373 375 287 279 
258 228 259 229  374 344 375 345 
259 229 163 152  375 345 279 268 
232 233 243 244  348 349 359 360 
233 234 244 245  349 350 360 361 
234 235 245 246  350 351 361 362 
235 236 246 247  351 352 362 363 
236 237 247 248  352 353 363 364 
237 238 248 249  353 354 364 365 
238 239 249 250  354 355 365 366 
239 240 250 251  355 356 366 367 
240 241 251 252  356 357 367 368 
241 242 252 253  357 358 368 369 
243 244 254 255  359 360 370 371 
244 245 255 256  360 361 371 372 
245 246 256 257  361 362 372 373 
246 247 257 258  362 363 373 374 
247 248 258 259  363 364 374 375 
248 249 259 260  364 365 375 376 
249 250 260 261  365 366 376 377 
250 251 261 262  366 367 377 378 
251 252 262 263  367 368 378 379 
252 253 263 264  368 369 379 380 
254 255 265 266  370 371 381 382 
255 256 266 267  371 372 382 383 
256 257 267 268  372 373 383 384 
257 258 268 269  373 374 384 385 
258 259 269 270  374 375 385 386 
259 260 270 271  375 376 386 387 
260 261 271 272  376 377 387 388 
261 262 272 273  377 378 388 389 
262 263 273 274  378 379 389 390 
263 264 274 275  379 380 390 391 
265 266 276 277  381 382 392 393 
266 267 277 278  382 383 393 394 
267 268 278 279  383 384 394 395 
272 273 280 281  388 389 396 397 
273 274 281 282  389 390 397 398 
274 275 282 283  390 391 398 399 
276 277 284 285  392 393 400 401 
277 278 285 286  393 394 401 402 
278 279 286 287  394 395 402 403 
280 281 288 289  396 397 404 405 
281 282 289 290  397 398 405 406 
282 283 290 291  398 399 406 407 
284 285 292 293  400 401 408 409 
285 286 293 294  401 402 409 410 
286 287 294 295  402 403 410 411 
288 289 296 297  404 405 412 413 
289 290 297 298  405 406 413 414 
290 291 298 299  406 407 414 415 
292 293 300 301  408 409 416 417 
293 294 301 302  409 410 417 418 
294 295 302 303  410 411 418 419 
296 297 307 308  412 413 423 424 
297 298 308 309  413 414 424 425 
298 299 309 310  414 415 425 426 
300 301 311 312  416 417 427 428 
301 302 312 313  417 418 428 429 
302 303 313 314  418 419 429 430 
303 304 314 315  419 420 430 431 
304 305 315 316  420 421 431 432 
305 306 316 317  421 422 432 433 
306 307 317 318  422 423 433 434 
307 308 318 319  423 424 434 435 
308 309 319 320  424 425 435 436 
309 310 320 321  425 426 436 437 
311 312 322 323  427 428 438 439 
312 313 323 324  428 429 439 440 
313 314 324 325  429 430 440 441 
314 315 325 326  430 431 441 442 
315 316 326 327  431 432 442 443 
316 317 327 328  432 433 443 444 
317 318 328 329  433 434 444 445 
318 319 329 330  434 435 445 446 
319 320 330 331  435 436 446 447 
320 321 331 332  436 437 447 448 
322 323 333 334  438 439 449 450 
323 324 334 335  439 440 450 451 
324 325 335 336  440 441 451 452 
325 326 336 337  441 442 452 453 
326 327 337 338  442 443 453 454 
327 328 338 339  443 444 454 455 
328 329 339 340  444 445 455 456 
329 330 340 341  445 446 456 457 
330 331 341 342  446 447 457 458 
331 332 342 343  447 448 458 459 
344 346 345 347  460 462 461 463 
345 347 268 269  461 463 384 385 
346 348 347 349  462 464 463 465 
347 349 269 270  463 465 385 386 
348 350 349 351  464 466 465 467 
349 351 270 271  465 467 386 387 
350 352 351 353  466 468 467 469 
351 353 271 272  467 469 387 388 
352 354 353 355  468 470 469 471 
353 355 272 280  469 471 388 396 
354 356 355 357  470 472 471 473 
355 357 280 288  471 473 396 404 
356 358 357 359  472 474 473 475 
357 359 288 296  473 475 404 412 
358 360 359 361  474 476 475 477 
359 361 296 307  475 477 412 423 
360 362 361 363  476 478 477 479 
361 363 307 306  477 479 423 422 
362 364 363 365  478 480 479 481 
363 365 306 305  479 481 422 421 
364 366 365 367  480 482 481 483 
365 367 305 304  481 483 421 420 
366 368 367 369  482 484 483 485 
367 369 304 303  483 485 420 419 
368 370 369 371  484 486 485 487 
369 371 303 295  485 487 419 411 
370 372 371 373  486 488 487 489 
371 373 295 287  487 489 411 403 
372 374 373 375  488 490 489 491 
373 375 287 279  489 491 403 395 
374 344 375 345  490 460 491 461 
375 345 279 268  491 461 395 384 
348 349 359 360  464 465 475 476 
349 350 360 361  465 466 476 477 
350 351 361 362  466 467 477 478 
351 352 362 363  467 468 478 479 
352 353 363 364  468 469 479 480 
353 354 364 365  469 470 480 481 
354 355 365 366  470 471 481 482 
355 356 366 367  471 472 482 483 
356 357 367 368  472 473 483 484 
357 358 368 369  473 474 484 485 
359 360 370 371  475 476 486 487 
360 361 371 372  476 477 487 488 
361 362 372 373  477 478 488 489 
362 363 373 374  478 479 489 490 
363 364 374 375  479 480 490 491 
364 365 375 376  480 481 491 492 
365 366 376 377  481 482 492 493 
366 367 377 378  482 483 493 494 
367 368 378 379  483 484 494 495 
368 369 379 380  484 485 495 496 
370 371 381 382  486 487 497 498 
371 372 382 383  487 488 498 499 
372 373 383 384  488 489 499 500 
373 374 384 385  489 490 500 501 
374 375 385 386  490 491 501 502 
375 376 386 387  491 492 502 503 
376 377 387 388  492 493 503 504 
377 378 388 389  493 494 504 505 
378 379 389 390  494 495 505 506 
379 380 390 391  495 496 506 507 
381 382 392 393  497 498 508 509 
382 383 393 394  498 499 509 510 
383 384 394 395  499 500 510 511 
388 389 396 397  504 505 512 513 
389 390 397 398  505 506 513 514 
390 391 398 399  506 507 514 515 
392 393 400 401  508 509 516 517 
393 394 401 402  509 510 517 518 
394 395 402 403  510 511 518 519 
396 397 404 405  512 513 520 521 
397 398 405 406  513 514 521 522 
398 399 406 407  514 515 522 523 
400 401 408 409  516 517 524 525 
401 402 409 410  517 518 525 526 
402 403 410 411  518 519 526 527 
404 405 412 413  520 521 528 529 
405 406 413 414  521 522 529 530 
406 407 414 415  522 523 530 531 
408 409 416 417  524 525 532 533 
409 410 417 418  525 526 533 534 
410 411 418 419  526 527 534 535 
412 413 423 424  528 529 539 540 
413 414 424 425  529 530 540 541 
414 415 425 426  530 531 541 542 
416 417 427 428  532 533 543 544 
417 418 428 429  533 534 544 545 
418 419 429 430  534 535 545 546 
419 420 430 431  535 536 546 547 
420 421 431 432  536 537 547 548 
421 422 432 433  537 538 548 549 
422 423 433 434  538 539 549 550 
423 424 434 435  539 540 550 551 
424 425 435 436  540 541 551 552 
425 426 436 437  541 542 552 553 
427 428 438 439  543 544 554 555 
428 429 439 440  544 545 555 556 
429 430 440 441  545 546 556 557 
430 431 441 442  546 547 557 558 
431 432 442 443  547 548 558 559 
432 433 443 444  548 549 559 560 
433 434 444 445  549 550 560 561 
434 435 445 446  550 551 561 562 
435 436 446 447  551 552 562 563 
436 437 447 448  552 553 563 564 
438 439 449 450  554 555 565 566 
439 440 450 451  555 556 566 567 
440 441 451 452  556 557 567 568 
441 442 452 453  557 558 568 569 
442 443 453 454  558 559 569 570 
443 444 454 455  559 560 570 571 
444 445 455 456  560 561 571 572 
445 446 456 457  561 562 572 573 
446 447 457 458  562 563 573 574 
447 448 458 459  563 564 574 575 
460 462 461 463  576 578 577 579 
461 463 384 385  577 579 500 501 
462 464 463 465  578 580 579 581 
463 465 385 386  579 581 501 502 
464 466 465 467  580 582 581 583 
465 467 386 387  581 583 502 503 
466 468 467 469  582 584 583 585 
467 469 387 388  583 585 503 504 
468 470 469 471  584 586 585 587 
469 471 388 396  585 587 504 512 
470 472 471 473  586 588 587 589 
471 473 396 404  587 589 512 520 
472 474 473 475  588 590 589 591 
473 475 404 412  589 591 520 528 
474 476 475 477  590 592 591 593 
475 477 412 423  591 593 528 539 
476 478 477 479  592 594 593 595 
477 479 423 422  593 595 539 538 
478 480 479 481  594 596 595 597 
479 481 422 421  595 597 538 537 
480 482 481 483  596 598 597 599 
481 483 421 420  597 599 537 536 
482 484 483 485  598 600 599 601 
483 485 420 419  599 601 536 535 
484 486 485 487  600 602 601 603 
485 487 419 411  601 603 535 527 
486 488 487 489  602 604 603 605 
487 489 411 403  603 605 527 519 
488 490 489 491  604 606 605 607 
489 491 403 395  605 607 519 511 
490 460 491 461  606 576 607 577 
491 461 395 384  607 577 511 500 
464 465 475 476  580 581 591 592 
465 466 476 477  581 582 592 593 
466 467 477 478  582 583 593 594 
467 468 478 479  583 584 594 595 
468 469 479 480  584 585 595 596 
469 470 480 481  585 586 596 597 
470 471 481 482  586 587 597 598 
471 472 482 483  587 588 598 599 
472 473 483 484  588 589 599 600 
473 474 484 485  589 590 600 601 
475 476 486 487  591 592 602 603 
476 477 487 488  592 593 603 604 
477 478 488 489  593 594 604 605 
478 479 489 490  594 595 605 606 
479 480 490 491  595 596 606 607 
480 481 491 492  596 597 607 608 
481 482 492 493  597 598 608 609 
482 483 493 494  598 599 609 610 
483 484 494 495  599 600 610 611 
484 485 495 496  600 601 611 612 
486 487 497 498  602 603 613 614 
487 488 498 499  603 604 614 615 
488 489 499 500  604 605 615 616 
489 490 500 501  605 606 616 617 
490 491 501 502  606 607 617 618 
491 492 502 503  607 608 618 619 
492 493 503 504  608 609 619 620 
493 494 504 505  609 610 620 621 
494 495 505 506  610 611 621 622 
495 496 506 507  611 612 622 623 
497 498 508 509  613 614 624 625 
498 499 509 510  614 615 625 626 
499 500 510 511  615 616 626 627 
504 505 512 513  620 621 628 629 
505 506 513 514  621 622 629 630 
506 507 514 515  622 623 630 631 
508 509 516 517  624 625 632 633 
509 510 517 518  625 626 633 634 
510 511 518 519  626 627 634 635 
512 513 520 521  628 629 636 637 
513 514 521 522  629 630 637 638 
514 515 522 523  630 631 638 639 
516 517 524 525  632 633 640 641 
517 518 525 526  633 634 641 642 
518 519 526 527  634 635 642 643 
520 521 528 529  636 637 644 645 
521 522 529 530  637 638 645 646 
522 523 530 531  638 639 646 647 
524 525 532 533  640 641 648 649 
525 526 533 534  641 642 649 650 
526 527 534 535  642 643 650 651 
528 529 539 540  644 645 655 656 
529 530 540 541  645 646 656 657 
530 531 541 542  646 647 657 658 
532 533 543 544  648 649 659 660 
533 534 544 545  649 650 660 661 
534 535 545 546  650 651 661 662 
535 536 546 547  651 652 662 663 
536 537 547 548  652 653 663 664 
537 538 548 549  653 654 664 665 
538 539 549 550  654 655 665 666 
539 540 550 551  655 656 666 667 
540 541 551 552  656 657 667 668 
541 542 552 553  657 658 668 669 
543 544 554 555  659 660 670 671 
544 545 555 556  660 661 671 672 
545 546 556 557  661 662 672 673 
546 547 557 558  662 663 673 674 
547 548 558 559  663 664 674 675 
548 549 559 560  664 665 675 676 
549 550 560 561  665 666 676 677 
550 551 561 562  666 667 677 678 
551 552 562 563  667 668 678 679 
552 553 563 564  668 669 679 680 
554 555 565 566  670 671 681 682 
555 556 566 567  671 672 682 683 
556 557 567 568  672 673 683 684 
557 558 568 569  673 674 684 685 
558 559 569 570  674 675 685 686 
559 560 570 571  675 676 686 687 
560 561 571 572  676 677 687 688 
561 562 572 573  677 678 688 689 
562 563 573 574  678 679 689 690 
563 564 574 575  679 680 690 691 
576 578 577 579  692 694 693 695 
577 579 500 501  693 695 616 617 
578 580 579 581  694 696 695 697 
579 581 501 502  695 697 617 618 
580 582 581 583  696 698 697 699 
581 583 502 503  697 699 618 619 
582 584 583 585  698 700 699 701 
583 585 503 504  699 701 619 620 
584 586 585 587  700 702 701 703 
585 587 504 512  701 703 620 628 
586 588 587 589  702 704 703 705 
587 589 512 520  703 705 628 636 
588 590 589 591  704 706 705 707 
589 591 520 528  705 707 636 644 
590 592 591 593  706 708 707 709 
591 593 528 539  707 709 644 655 
592 594 593 595  708 710 709 711 
593 595 539 538  709 711 655 654 
594 596 595 597  710 712 711 713 
595 597 538 537  711 713 654 653 
596 598 597 599  712 714 713 715 
597 599 537 536  713 715 653 652 
598 600 599 601  714 716 715 717 
599 601 536 535  715 717 652 651 
600 602 601 603  716 718 717 719 
601 603 535 527  717 719 651 643 
602 604 603 605  718 720 719 721 
603 605 527 519  719 721 643 635 
604 606 605 607  720 722 721 723 
605 607 519 511  721 723 635 627 
606 576 607 577  722 692 723 693 
607 577 511 500  723 693 627 616 
580 581 591 592  696 697 707 708 
581 582 592 593  697 698 708 709 
582 583 593 594  698 699 709 710 
583 584 594 595  699 700 710 711 
584 585 595 596  700 701 711 712 
585 586 596 597  701 702 712 713 
586 587 597 598  702 703 713 714 
587 588 598 599  703 704 714 715 
588 589 599 600  704 705 715 716 
589 590 600 601  705 706 716 717 
591 592 602 603  707 708 718 719 
592 593 603 604  708 709 719 720 
593 594 604 605  709 710 720 721 
594 595 605 606  710 711 721 722 
595 596 606 607  711 712 722 723 
596 597 607 608  712 713 723 724 
597 598 608 609  713 714 724 725 
598 599 609 610  714 715 725 726 
599 600 610 611  715 716 726 727 
600 601 611 612  716 717 727 728 
602 603 613 614  718 719 729 730 
603 604 614 615  719 720 730 731 
604 605 615 616  720 721 731 732 
605 606 616 617  721 722 732 733 
606 607 617 618  722 723 733 734 
607 608 618 619  723 724 734 735 
608 609 619 620  724 725 735 736 
609 610 620 621  725 726 736 737 
610 611 621 622  726 727 737 738 
611 612 622 623  727 728 738 739 
613 614 624 625  729 730 740 741 
614 615 625 626  730 731 741 742 
615 616 626 627  731 732 742 743 
620 621 628 629  736 737 744 745 
621 622 629 630  737 738 745 746 
622 623 630 631  738 739 746 747 
624 625 632 633  740 741 748 749 
625 626 633 634  741 742 749 750 
626 627 634 635  742 743 750 751 
628 629 636 637  744 745 752 753 
629 630 637 638  745 746 753 754 
630 631 638 639  746 747 754 755 
632 633 640 641  748 749 756 757 
633 634 641 642  749 750 757 758 
634 635 642 643  750 751 758 759 
636 637 644 645  752 753 760 761 
637 638 645 646  753 754 761 762 
638 639 646 647  754 755 762 763 
640 641 648 649  756 757 764 765 
641 642 649 650  757 758 765 766 
642 643 650 651  758 759 766 767 
644 645 655 656  760 761 771 772 
645 646 656 657  761 762 772 773 
646 647 657 658  762 763 773 774 
648 649 659 660  764 765 775 776 
649 650 660 661  765 766 776 777 
650 651 661 662  766 767 777 778 
651 652 662 663  767 768 778 779 
652 653 663 664  768 769 779 780 
653 654 664 665  769 770 780 781 
654 655 665 666  770 771 781 782 
655 656 666 667  771 772 782 783 
656 657 667 668  772 773 783 784 
657 658 668 669  773 774 784 785 
659 660 670 671  775 776 786 787 
660 661 671 672  776 777 787 788 
661 662 672 673  777 778 788 789 
662 663 673 674  778 779 789 790 
663 664 674 675  779 780 790 791 
664 665 675 676  780 781 791 792 
665 666 676 677  781 782 792 793 
666 667 677 678  782 783 793 794 
667 668 678 679  783 784 794 795 
668 669 679 680  784 785 795 796 
670 671 681 682  786 787 797 798 
671 672 682 683  787 788 798 799 
672 673 683 684  788 789 799 800 
673 674 684 685  789 790 800 801 
674 675 685 686  790 791 801 802 
675 676 686 687  791 792 802 803 
676 677 687 688  792 793 803 804 
677 678 688 689  793 794 804 805 
678 679 689 690  794 795 805 806 
679 680 690 691  795 796 806 807 
692 694 693 695  808 810 809 811 
693 695 616 617  809 811 732 733 
694 696 695 697  810 812 811 813 
695 697 617 618  811 813 733 734 
696 698 697 699  812 814 813 815 
697 699 618 619  813 815 734 735 
698 700 699 701  814 816 815 817 
699 701 619 620  815 817 735 736 
700 702 701 703  816 818 817 819 
701 703 620 628  817 819 736 744 
702 704 703 705  818 820 819 821 
703 705 628 636  819 821 744 752 
704 706 705 707  820 822 821 823 
705 707 636 644  821 823 752 760 
706 708 707 709  822 824 823 825 
707 709 644 655  823 825 760 771 
708 710 709 711  824 826 825 827 
709 711 655 654  825 827 771 770 
710 712 711 713  826 828 827 829 
711 713 654 653  827 829 770 769 
712 714 713 715  828 830 829 831 
713 715 653 652  829 831 769 768 
714 716 715 717  830 832 831 833 
715 717 652 651  831 833 768 767 
716 718 717 719  832 834 833 835 
717 719 651 643  833 835 767 759 
718 720 719 721  834 836 835 837 
719 721 643 635  835 837 759 751 
720 722 721 723  836 838 837 839 
721 723 635 627  837 839 751 743 
722 692 723 693  838 808 839 809 
723 693 627 616  839 809 743 732 
696 697 707 708  812 813 823 824 
697 698 708 709  813 814 824 825 
698 699 709 710  814 815 825 826 
699 700 710 711  815 816 826 827 
700 701 711 712  816 817 827 828 
701 702 712 713  817 818 828 829 
702 703 713 714  818 819 829 830 
703 704 714 715  819 820 830 831 
704 705 715 716  820 821 831 832 
705 706 716 717  821 822 832 833 
707 708 718 719  823 824 834 835 
708 709 719 720  824 825 835 836 
709 710 720 721  825 826 836 837 
710 711 721 722  826 827 837 838 
711 712 722 723  827 828 838 839 
712 713 723 724  828 829 839 840 
713 714 724 725  829 830 840 841 
714 715 725 726  830 831 841 842 
715 716 726 727  831 832 842 843 
716 717 727 728  832 833 843 844 
718 719 729 730  834 835 845 846 
719 720 730 731  835 836 846 847 
720 721 731 732  836 837 847 848 
721 722 732 733  837 838 848 849 
722 723 733 734  838 839 849 850 
723 724 734 735  839 840 850 851 
724 725 735 736  840 841 851 852 
725 726 736 737  841 842 852 853 
726 727 737 738  842 843 853 854 
727 728 738 739  843 844 854 855 
729 730 740 741  845 846 856 857 
730 731 741 742  846 847 857 858 
731 732 742 743  847 848 858 859 
736 737 744 745  852 853 860 861 
737 738 745 746  853 854 861 862 
738 739 746 747  854 855 862 863 
740 741 748 749  856 857 864 865 
741 742 749 750  857 858 865 866 
742 743 750 751  858 859 866 867 
744 745 752 753  860 861 868 869 
745 746 753 754  861 862 869 870 
746 747 754 755  862 863 870 871 
748 749 756 757  864 865 872 873 
749 750 757 758  865 866 873 874 
750 751 758 759  866 867 874 875 
752 753 760 761  868 869 876 877 
753 754 761 762  869 870 877 878 
754 755 762 763  870 871 878 879 
756 757 764 765  872 873 880 881 
757 758 765 766  873 874 881 882 
758 759 766 767  874 875 882 883 
760 761 771 772  876 877 887 888 
761 762 772 773  877 878 888 889 
762 763 773 774  878 879 889 890 
764 765 775 776  880 881 891 892 
765 766 776 777  881 882 892 893 
766 767 777 778  882 883 893 894 
767 768 778 779  883 884 894 895 
768 769 779 780  884 885 895 896 
769 770 780 781  885 886 896 897 
770 771 781 782  886 887 897 898 
771 772 782 783  887 888 898 899 
772 773 783 784  888 889 899 900 
773 774 784 785  889 890 900 901 
775 776 786 787  891 892 902 903 
776 777 787 788  892 893 903 904 
777 778 788 789  893 894 904 905 
778 779 789 790  894 895 905 906 
779 780 790 791  895 896 906 907 
780 781 791 792  896 897 907 908 
781 782 792 793  897 898 908 909 
782 783 793 794  898 899 909 910 
783 784 794 795  899 900 910 911 
784 785 795 796  900 901 911 912 
786 787 797 798  902 903 913 914 
787 788 798 799  903 904 914 915 
788 789 799 800  904 905 915 916 
789 790 800 801  905 906 916 917 
790 791 801 802  906 907 917 918 
791 792 802 803  907 908 918 919 
792 793 803 804  908 909 919 920 
793 794 804 805  909 910 920 921 
794 795 805 806  910 911 921 922 
795 796 806 807  911 912 922 923 
808 810 809 811  924 926 925 927 
809 811 732 733  925 927 848 849 
810 812 811 813  926 928 927 929 
811 813 733 734  927 929 849 850 
812 814 813 815  928 930 929 931 
813 815 734 735  929 931 850 851 
814 816 815 817  930 932 931 933 
815 817 735 736  931 933 851 852 
816 818 817 819  932 934 933 935 
817 819 736 744  933 935 852 860 
818 820 819 821  934 936 935 937 
819 821 744 752  935 937 860 868 
820 822 821 823  936 938 937 939 
821 823 752 760  937 939 868 876 
822 824 823 825  938 940 939 941 
823 825 760 771  939 941 876 887 
824 826 825 827  940 942 941 943 
825 827 771 770  941 943 887 886 
826 828 827 829  942 944 943 945 
827 829 770 769  943 945 886 885 
828 830 829 831  944 946 945 947 
829 831 769 768  945 947 885 884 
830 832 831 833  946 948 947 949 
831 833 768 767  947 949 884 883 
832 834 833 835  948 950 949 951 
833 835 767 759  949 951 883 875 
834 836 835 837  950 952 951 953 
835 837 759 751  951 953 875 867 
836 838 837 839  952 954 953 955 
837 839 751 743  953 955 867 859 
838 808 839 809  954 924 955 925 
839 809 743 732  955 925 859 848 
812 813 823 824  928 929 939 940 
813 814 824 825  929 930 940 941 
814 815 825 826  930 931 941 942 
815 816 826 827  931 932 942 943 
816 817 827 828  932 933 943 944 
817 818 828 829  933 934 944 945 
818 819 829 830  934 935 945 946 
819 820 830 831  935 936 946 947 
820 821 831 832  936 937 947 948 
821 822 832 833  937 938 948 949 
823 824 834 835  939 940 950 951 
824 825 835 836  940 941 951 952 
825 826 836 837  941 942 952 953 
826 827 837 838  942 943 953 954 
827 828 838 839  943 944 954 955 
828 829 839 840  944 945 955 956 
829 830 840 841  945 946 956 957 
830 831 841 842  946 947 957 958 
831 832 842 843  947 948 958 959 
832 833 843 844  948 949 959 960 
834 835 845 846  950 951 961 962 
835 836 846 847  951 952 962 963 
836 837 847 848  952 953 963 964 
837 838 848 849  953 954 964 965 
838 839 849 850  954 955 965 966 
839 840 850 851  955 956 966 967 
840 841 851 852  956 957 967 968 
841 842 852 853  957 958 968 969 
842 843 853 854  958 959 969 970 
843 844 854 855  959 960 970 971 
845 846 856 857  961 962 972 973 
846 847 857 858  962 963 973 974 
847 848 858 859  963 964 974 975 
852 853 860 861  968 969 976 977 
853 854 861 862  969 970 977 978 
854 855 862 863  970 971 978 979 
856 857 864 865  972 973 980 981 
857 858 865 866  973 974 981 982 
858 859 866 867  974 975 982 983 
860 861 868 869  976 977 984 985 
861 862 869 870  977 978 985 986 
862 863 870 871  978 979 986 987 
864 865 872 873  980 981 988 989 
865 866 873 874  981 982 989 990 
866 867 874 875  982 983 990 991 
868 869 876 877  984 985 992 993 
869 870 877 878  985 986 993 994 
870 871 878 879  986 987 994 995 
872 873 880 881  988 989 996 997 
873 874 881 882  989 990 997 998 
874 875 882 883  990 991 998 999 
876 877 887 888  992 993 1003 1004 
877 878 888 889  993 994 1004 1005 
878 879 889 890  994 995 1005 1006 
880 881 891 892  996 997 1007 1008 
881 882 892 893  997 998 1008 1009 
882 883 893 894  998 999 1009 1010 
883 884 894 895  999 1000 1010 1011 
884 885 895 896  1000 1001 1011 1012 
885 886 896 897  1001 1002 1012 1013 
886 887 897 898  1002 1003 1013 1014 
887 888 898 899  1003 1004 1014 1015 
888 889 899 900  1004 1005 1015 1016 
889 890 900 901  1005 1006 1016 1017 
891 892 902 903  1007 1008 1018 1019 
892 893 903 904  1008 1009 1019 1020 
893 894 904 905  1009 1010 1020 1021 
894 895 905 906  1010 1011 1021 1022 
895 896 906 907  1011 1012 1022 1023 
896 897 907 908  1012 1013 1023 1024 
897 898 908 909  1013 1014 1024 1025 
898 899 909 910  1014 1015 1025 1026 
899 900 910 911  1015 1016 1026 1027 
900 901 911 912  1016 1017 1027 1028 
902 903 913 914  1018 1019 1029 1030 
903 904 914 915  1019 1020 1030 1031 
904 905 915 916  1020 1021 1031 1032 
905 906 916 917  1021 1022 1032 1033 
906 907 917 918  1022 1023 1033 1034 
907 908 918 919  1023 1024 1034 1035 
908 909 919 920  1024 1025 1035 1036 
909 910 920 921  1025 1026 1036 1037 
910 911 921 922  1026 1027 1037 1038 
911 912 922 923  1027 1028 1038 1039 
924 926 925 927  1040 1042 1041 1043 
925 927 848 849  1041 1043 964 965 
926 928 927 929  1042 1044 1043 1045 
927 929 849 850  1043 1045 965 966 
928 930 929 931  1044 1046 1045 1047 
929 931 850 851  1045 1047 966 967 
930 932 931 933  1046 1048 1047 1049 
931 933 851 852  1047 1049 967 968 
932 934 933 935  1048 1050 1049 1051 
933 935 852 860  1049 1051 968 976 
934 936 935 937  1050 1052 1051 1053 
935 937 860 868  1051 1053 976 984 
936 938 937 939  1052 1054 1053 1055 
937 939 868 876  1053 1055 984 992 
938 940 939 941  1054 1056 1055 1057 
939 941 876 887  1055 1057 992 1003 
940 942 941 943  1056 1058 1057 1059 
941 943 887 886  1057 1059 1003 1002 
942 944 943 945  1058 1060 1059 1061 
943 945 886 885  1059 1061 1002 1001 
944 946 945 947  1060 1062 1061 1063 
945 947 885 884  1061 1063 1001 1000 
946 948 947 949  1062 1064 1063 1065 
947 949 884 883  1063 1065 1000 999 
948 950 949 951  1064 1066 1065 1067 
949 951 883 875  1065 1067 999 991 
950 952 951 953  1066 1068 1067 1069 
951 953 875 867  1067 1069 991 983 
952 954 953 955  1068 1070 1069 1071 
953 955 867 859  1069 1071 983 975 
954 924 955 925  1070 1040 1071 1041 
955 925 859 848  1071 1041 975 964 
928 929 939 940  1044 1045 1055 1056 
929 930 940 941  1045 1046 1056 1057 
930 931 941 942  1046 1047 1057 1058 
931 932 942 943  1047 1048 1058 1059 
932 933 943 944  1048 1049 1059 1060 
933 934 944 945  1049 1050 1060 1061 
934 935 945 946  1050 1051 1061 1062 
935 936 946 947  1051 1052 1062 1063 
936 937 947 948  1052 1053 1063 1064 
937 938 948 949  1053 1054 1064 1065 
939 940 950 951  1055 1056 1066 1067 
940 941 951 952  1056 1057 1067 1068 
941 942 952 953  1057 1058 1068 1069 
942 943 953 954  1058 1059 1069 1070 
943 944 954 955  1059 1060 1070 1071 
944 945 955 956  1060 1061 1071 1072 
945 946 956 957  1061 1062 1072 1073 
946 947 957 958  1062 1063 1073 1074 
947 948 958 959  1063 1064 1074 1075 
948 949 959 960  1064 1065 1075 1076 
950 951 961 962  1066 1067 1077 1078 
951 952 962 963  1067 1068 1078 1079 
952 953 963 964  1068 1069 1079 1080 
953 954 964 965  1069 1070 1080 1081 
954 955 965 966  1070 1071 1081 1082 
955 956 966 967  1071 1072 1082 1083 
956 957 967 968  1072 1073 1083 1084 
957 958 968 969  1073 1074 1084 1085 
958 959 969 970  1074 1075 1085 1086 
959 960 970 971  1075 1076 1086 1087 
961 962 972 973  1077 1078 1088 1089 
962 963 973 974  1078 1079 1089 1090 
963 964 974 975  1079 1080 1090 1091 
968 969 976 977  1084 1085 1092 1093 
969 970 977 978  1085 1086 1093 1094 
970 971 978 979  1086 1087 1094 1095 
972 973 980 981  1088 1089 1096 1097 
973 974 981 982  1089 1090 1097 1098 
974 975 982 983  1090 1091 1098 1099 
976 977 984 985  1092 1093 1100 1101 
977 978 985 986  1093 1094 1101 1102 
978 979 986 987  1094 1095 1102 1103 
980 981 988 989  1096 1097 1104 1105 
981 982 989 990  1097 1098 1105 1106 
982 983 990 991  1098 1099 1106 1107 
984 985 992 993  1100 1101 1108 1109 
985 986 993 994  1101 1102 1109 1110 
986 987 994 995  1102 1103 1110 1111 
988 989 996 997  1104 1105 1112 1113 
989 990 997 998  1105 1106 1113 1114 
990 991 998 999  1106 1107 1114 1115 
992 993 1003 1004  1108 1109 1119 1120 
993 994 1004 1005  1109 1110 1120 1121 
994 995 1005 1006  1110 1111 1121 1122 
996 997 1007 1008  1112 1113 1123 1124 
997 998 1008 1009  1113 1114 1124 1125 
998 999 1009 1010  1114 1115 1125 1126 
999 1000 1010 1011  1115 1116 1126 1127 
1000 1001 1011 1012  1116 1117 1127 1128 
1001 1002 1012 1013  1117 1118 1128 1129 
1002 1003 1013 1014  1118 1119 1129 1130 
1003 1004 1014 1015  1119 1120 1130 1131 
1004 1005 1015 1016  1120 1121 1131 1132 
1005 1006 1016 1017  1121 1122 1132 1133 
1007 1008 1018 1019  1123 1124 1134 1135 
1008 1009 1019 1020  1124 1125 1135 1136 
1009 1010 1020 1021  1125 1126 1136 1137 
1010 1011 1021 1022  1126 1127 1137 1138 
1011 1012 1022 1023  1127 1128 1138 1139 
1012 1013 1023 1024  1128 1129 1139 1140 
1013 1014 1024 1025  1129 1130 1140 1141 
1014 1015 1025 1026  1130 1131 1141 1142 
1015 1016 1026 1027  1131 1132 1142 1143 
1016 1017 1027 1028  1132 1133 1143 1144 
1018 1019 1029 1030  1134 1135 1145 1146 
1019 1020 1030 1031  1135 1136 1146 1147 
1020 1021 1031 1032  1136 1137 1147 1148 
1021 1022 1032 1033  1137 1138 1148 1149 
1022 1023 1033 1034  1138 1139 1149 1150 
1023 1024 1034 1035  1139 1140 1150 1151 
1024 1025 1035 1036  1140 1141 1151 1152 
1025 1026 1036 1037  1141 1142 1152 1153 
1026 1027 1037 1038  1142 1143 1153 1154 
1027 1028 1038 1039  1143 1144 1154 1155 
1040 1042 1041 1043  1156 1158 1157 1159 
1041 1043 964 965  1157 1159 1080 1081 
1042 1044 1043 1045  1158 1160 1159 1161 
1043 1045 965 966  1159 1161 1081 1082 
1044 1046 1045 1047  1160 1162 1161 1163 
1045 1047 966 967  1161 1163 1082 1083 
1046 1048 1047 1049  1162 1164 1163 1165 
1047 1049 967 968  1163 1165 1083 1084 
1048 1050 1049 1051  1164 1166 1165 1167 
1049 1051 968 976  1165 1167 1084 1092 
1050 1052 1051 1053  1166 1168 1167 1169 
1051 1053 976 984  1167 1169 1092 1100 
1052 1054 1053 1055  1168 1170 1169 1171 
1053 1055 984 992  1169 1171 1100 1108 
1054 1056 1055 1057  1170 1172 1171 1173 
1055 1057 992 1003  1171 1173 1108 1119 
1056 1058 1057 1059  1172 1174 1173 1175 
1057 1059 1003 1002  1173 1175 1119 1118 
1058 1060 1059 1061  1174 1176 1175 1177 
1059 1061 1002 1001  1175 1177 1118 1117 
1060 1062 1061 1063  1176 1178 1177 1179 
1061 1063 1001 1000  1177 1179 1117 1116 
1062 1064 1063 1065  1178 1180 1179 1181 
1063 1065 1000 999  1179 1181 1116 1115 
1064 1066 1065 1067  1180 1182 1181 1183 
1065 1067 999 991  1181 1183 1115 1107 
1066 1068 1067 1069  1182 1184 1183 1185 
1067 1069 991 983  1183 1185 1107 1099 
1068 1070 1069 1071  1184 1186 1185 1187 
1069 1071 983 975  1185 1187 1099 1091 
1070 1040 1071 1041  1186 1156 1187 1157 
1071 1041 975 964  1187 1157 1091 1080 
1044 1045 1055 1056  1160 1161 1171 1172 
1045 1046 1056 1057  1161 1162 1172 1173 
1046 1047 1057 1058  1162 1163 1173 1174 
1047 1048 1058 1059  1163 1164 1174 1175 
1048 1049 1059 1060  1164 1165 1175 1176 
1049 1050 1060 1061  1165 1166 1176 1177 
1050 1051 1061 1062  1166 1167 1177 1178 
1051 1052 1062 1063  1167 1168 1178 1179 
1052 1053 1063 1064  1168 1169 1179 1180 
1053 1054 1064 1065  1169 1170 1180 1181 
1055 1056 1066 1067  1171 1172 1182 1183 
1056 1057 1067 1068  1172 1173 1183 1184 
1057 1058 1068 1069  1173 1174 1184 1185 
1058 1059 1069 1070  1174 1175 1185 1186 
1059 1060 1070 1071  1175 1176 1186 1187 
1060 1061 1071 1072  1176 1177 1187 1188 
1061 1062 1072 1073  1177 1178 1188 1189 
1062 1063 1073 1074  1178 1179 1189 1190 
1063 1064 1074 1075  1179 1180 1190 1191 
1064 1065 1075 1076  1180 1181 1191 1192 
1066 1067 1077 1078  1182 1183 1193 1194 
1067 1068 1078 1079  1183 1184 1194 1195 
1068 1069 1079 1080  1184 1185 1195 1196 
1069 1070 1080 1081  1185 1186 1196 1197 
1070 1071 1081 1082  1186 1187 1197 1198 
1071 1072 1082 1083  1187 1188 1198 1199 
1072 1073 1083 1084  1188 1189 1199 1200 
1073 1074 1084 1085  1189 1190 1200 1201 
1074 1075 1085 1086  1190 1191 1201 1202 
1075 1076 1086 1087  1191 1192 1202 1203 
1077 1078 1088 1089  1193 1194 1204 1205 
1078 1079 1089 1090  1194 1195 1205 1206 
1079 1080 1090 1091  1195 1196 1206 1207 
1084 1085 1092 1093  1200 1201 1208 1209 
1085 1086 1093 1094  1201 1202 1209 1210 
1086 1087 1094 1095  1202 1203 1210 1211 
1088 1089 1096 1097  1204 1205 1212 1213 
1089 1090 1097 1098  1205 1206 1213 1214 
1090 1091 1098 1099  1206 1207 1214 1215 
1092 1093 1100 1101  1208 1209 1216 1217 
1093 1094 1101 1102  1209 1210 1217 1218 
1094 1095 1102 1103  1210 1211 1218 1219 
1096 1097 1104 1105  1212 1213 1220 1221 
1097 1098 1105 1106  1213 1214 1221 1222 
1098 1099 1106 1107  1214 1215 1222 1223 
1100 1101 1108 1109  1216 1217 1224 1225 
1101 1102 1109 1110  1217 1218 1225 1226 
1102 1103 1110 1111  1218 1219 1226 1227 
1104 1105 1112 1113  1220 1221 1228 1229 
1105 1106 1113 1114  1221 1222 1229 1230 
1106 1107 1114 1115  1222 1223 1230 1231 
1108 1109 1119 1120  1224 1225 1235 1236 
1109 1110 1120 1121  1225 1226 1236 1237 
1110 1111 1121 1122  1226 1227 1237 1238 
1112 1113 1123 1124  1228 1229 1239 1240 
1113 1114 1124 1125  1229 1230 1240 1241 
1114 1115 1125 1126  1230 1231 1241 1242 
1115 1116 1126 1127  1231 1232 1242 1243 
1116 1117 1127 1128  1232 1233 1243 1244 
1117 1118 1128 1129  1233 1234 1244 1245 
1118 1119 1129 1130  1234 1235 1245 1246 
1119 1120 1130 1131  1235 1236 1246 1247 
1120 1121 1131 1132  1236 1237 1247 1248 
1121 1122 1132 1133  1237 1238 1248 1249 
1123 1124 1134 1135  1239 1240 1250 1251 
1124 1125 1135 1136  1240 1241 1251 1252 
1125 1126 1136 1137  1241 1242 1252 1253 
1126 1127 1137 1138  1242 1243 1253 1254 
1127 1128 1138 1139  1243 1244 1254 1255 
1128 1129 1139 1140  1244 1245 1255 1256 
1129 1130 1140 1141  1245 1246 1256 1257 
1130 1131 1141 1142  1246 1247 1257 1258 
1131 1132 1142 1143  1247 1248 1258 1259 
1132 1133 1143 1144  1248 1249 1259 1260 
1134 1135 1145 1146  1250 1251 1261 1262 
1135 1136 1146 1147  1251 1252 1262 1263 
1136 1137 1147 1148  1252 1253 1263 1264 
1137 1138 1148 1149  1253 1254 1264 1265 
1138 1139 1149 1150  1254 1255 1265 1266 
1139 1140 1150 1151  1255 1256 1266 1267 
1140 1141 1151 1152  1256 1257 1267 1268 
1141 1142 1152 1153  1257 1258 1268 1269 
1142 1143 1153 1154  1258 1259 1269 1270 
1143 1144 1154 1155  1259 1260 1270 1271 
1156 1158 1157 1159  1272 1274 1273 1275 
1157 1159 1080 1081  1273 1275 1196 1197 
1158 1160 1159 1161  1274 1276 1275 1277 
1159 1161 1081 1082  1275 1277 1197 1198 
1160 1162 1161 1163  1276 1278 1277 1279 
1161 1163 1082 1083  1277 1279 1198 1199 
1162 1164 1163 1165  1278 1280 1279 1281 
1163 1165 1083 1084  1279 1281 1199 1200 
1164 1166 1165 1167  1280 1282 1281 1283 
1165 1167 1084 1092  1281 1283 1200 1208 
1166 1168 1167 1169  1282 1284 1283 1285 
1167 1169 1092 1100  1283 1285 1208 1216 
1168 1170 1169 1171  1284 1286 1285 1287 
1169 1171 1100 1108  1285 1287 1216 1224 
1170 1172 1171 1173  1286 1288 1287 1289 
1171 1173 1108 1119  1287 1289 1224 1235 
1172 1174 1173 1175  1288 1290 1289 1291 
1173 1175 1119 1118  1289 1291 1235 1234 
1174 1176 1175 1177  1290 1292 1291 1293 
1175 1177 1118 1117  1291 1293 1234 1233 
1176 1178 1177 1179  1292 1294 1293 1295 
1177 1179 1117 1116  1293 1295 1233 1232 
1178 1180 1179 1181  1294 1296 1295 1297 
1179 1181 1116 1115  1295 1297 1232 1231 
1180 1182 1181 1183  1296 1298 1297 1299 
1181 1183 1115 1107  1297 1299 1231 1223 
1182 1184 1183 1185  1298 1300 1299 1301 
1183 1185 1107 1099  1299 1301 1223 1215 
1184 1186 1185 1187  1300 1302 1301 1303 
1185 1187 1099 1091  1301 1303 1215 1207 
1186 1156 1187 1157  1302 1272 1303 1273 
1187 1157 1091 1080  1303 1273 1207 1196 
