1584
0 0 0
1 0 0
2 0 0
3 0 0
4 0 0
5 0 0
6 0 0
7 0 0
8 0 0
9 0 0
10 0 0
0 1 0
1 1 0
2 1 0
3 1 0
4 1 0
5 1 0
6 1 0
7 1 0
8 1 0
9 1 0
10 1 0
0 2 0
1 2 0
2 2 0
3 2 0
4 2 0
5 2 0
6 2 0
7 2 0
8 2 0
9 2 0
10 2 0
0 3 0
1 3 0
2 3 0
3 3 0
4 3 0
5 3 0
6 3 0
7 3 0
8 3 0
9 3 0
10 3 0
0 4 0
1 4 0
2 4 0
3 4 0
7 4 0
8 4 0
9 4 0
10 4 0
0 5 0
1 5 0
2 5 0
3 5 0
7 5 0
8 5 0
9 5 0
10 5 0
0 6 0
1 6 0
2 6 0
3 6 0
7 6 0
8 6 0
9 6 0
10 6 0
0 7 0
1 7 0
2 7 0
3 7 0
4 7 0
5 7 0
6 7 0
7 7 0
8 7 0
9 7 0
10 7 0
0 8 0
1 8 0
2 8 0
3 8 0
4 8 0
5 8 0
6 8 0
7 8 0
8 8 0
9 8 0
10 8 0
0 9 0
1 9 0
2 9 0
3 9 0
4 9 0
5 9 0
6 9 0
7 9 0
8 9 0
9 9 0
10 9 0
0 10 0
1 10 0
2 10 0
3 10 0
4 10 0
5 10 0
6 10 0
7 10 0
8 10 0
9 10 0
10 10 0
4.74645 4.74645 0
3.87322 3.87322 0
4.868 4.65708 0
4.434 3.82854 0
5.07622 4.60057 0
5.03811 3.80028 0
5.29696 4.64043 0
5.64848 3.82021 0
5.43546 4.72923 0
6.21773 3.86462 0
5.53271 4.84948 0
6.26636 4.42474 0
5.59931 5.07372 0
6.29965 5.03686 0
5.55187 5.31404 0
6.27593 5.65702 0
5.45355 5.45355 0
6.22678 6.22678 0
5.31404 5.55187 0
5.65702 6.27593 0
5.07372 5.59931 0
5.03686 6.29965 0
4.84948 5.53271 0
4.42474 6.26636 0
4.72923 5.43546 0
3.86462 6.21773 0
4.64043 5.29696 0
3.82021 5.64848 0
4.60057 5.07622 0
3.80028 5.03811 0
4.65708 4.868 0
3.82854 4.434 0
0 0 1
1 0 1
2 0 1
3 0 1
4 0 1
5 0 1
6 0 1
7 0 1
8 0 1
9 0 1
10 0 1
0 1 1
1 1 1
2 1 1
3 1 1
4 1 1
5 1 1
6 1 1
7 1 1
8 1 1
9 1 1
10 1 1
0 2 1
1 2 1
2 2 1
3 2 1
4 2 1
5 2 1
6 2 1
7 2 1
8 2 1
9 2 1
10 2 1
0 3 1
1 3 1
2 3 1
3 3 1
4 3 1
5 3 1
6 3 1
7 3 1
8 3 1
9 3 1
10 3 1
0 4 1
1 4 1
2 4 1
3 4 1
7 4 1
8 4 1
9 4 1
10 4 1
0 5 1
1 5 1
2 5 1
3 5 1
7 5 1
8 5 1
9 5 1
10 5 1
0 6 1
1 6 1
2 6 1
3 6 1
7 6 1
8 6 1
9 6 1
10 6 1
0 7 1
1 7 1
2 7 1
3 7 1
4 7 1
5 7 1
6 7 1
7 7 1
8 7 1
9 7 1
10 7 1
0 8 1
1 8 1
2 8 1
3 8 1
4 8 1
5 8 1
6 8 1
7 8 1
8 8 1
9 8 1
10 8 1
0 9 1
1 9 1
2 9 1
3 9 1
4 9 1
5 9 1
6 9 1
7 9 1
8 9 1
9 9 1
10 9 1
0 10 1
1 10 1
2 10 1
3 10 1
4 10 1
5 10 1
6 10 1
7 10 1
8 10 1
9 10 1
10 10 1
4.74645 4.74645 1
3.87322 3.87322 1
4.868 4.65708 1
4.434 3.82854 1
5.07622 4.60057 1
5.03811 3.80028 1
5.29696 4.64043 1
5.64848 3.82021 1
5.43546 4.72923 1
6.21773 3.86462 1
5.53271 4.84948 1
6.26636 4.42474 1
5.59931 5.07372 1
6.29965 5.03686 1
5.55187 5.31404 1
6.27593 5.65702 1
5.45355 5.45355 1
6.22678 6.22678 1
5.31404 5.55187 1
5.65702 6.27593 1
5.07372 5.59931 1
5.03686 6.29965 1
4.84948 5.53271 1
4.42474 6.26636 1
4.72923 5.43546 1
3.86462 6.21773 1
4.64043 5.29696 1
3.82021 5.64848 1
4.60057 5.07622 1
3.80028 5.03811 1
4.65708 4.868 1
3.82854 4.434 1
0 0 2
1 0 2
2 0 2
3 0 2
4 0 2
5 0 2
6 0 2
7 0 2
8 0 2
9 0 2
10 0 2
0 1 2
1 1 2
2 1 2
3 1 2
4 1 2
5 1 2
6 1 2
7 1 2
8 1 2
9 1 2
10 1 2
0 2 2
1 2 2
2 2 2
3 2 2
4 2 2
5 2 2
6 2 2
7 2 2
8 2 2
9 2 2
10 2 2
0 3 2
1 3 2
2 3 2
3 3 2
4 3 2
5 3 2
6 3 2
7 3 2
8 3 2
9 3 2
10 3 2
0 4 2
1 4 2
2 4 2
3 4 2
7 4 2
8 4 2
9 4 2
10 4 2
0 5 2
1 5 2
2 5 2
3 5 2
7 5 2
8 5 2
9 5 2
10 5 2
0 6 2
1 6 2
2 6 2
3 6 2
7 6 2
8 6 2
9 6 2
10 6 2
0 7 2
1 7 2
2 7 2
3 7 2
4 7 2
5 7 2
6 7 2
7 7 2
8 7 2
9 7 2
10 7 2
0 8 2
1 8 2
2 8 2
3 8 2
4 8 2
5 8 2
6 8 2
7 8 2
8 8 2
9 8 2
10 8 2
0 9 2
1 9 2
2 9 2
3 9 2
4 9 2
5 9 2
6 9 2
7 9 2
8 9 2
9 9 2
10 9 2
0 10 2
1 10 2
2 10 2
3 10 2
4 10 2
5 10 2
6 10 2
7 10 2
8 10 2
9 10 2
10 10 2
4.74645 4.74645 2
3.87322 3.87322 2
4.868 4.65708 2
4.434 3.82854 2
5.07622 4.60057 2
5.03811 3.80028 2
5.29696 4.64043 2
5.64848 3.82021 2
5.43546 4.72923 2
6.21773 3.86462 2
5.53271 4.84948 2
6.26636 4.42474 2
5.59931 5.07372 2
6.29965 5.03686 2
5.55187 5.31404 2
6.27593 5.65702 2
5.45355 5.45355 2
6.22678 6.22678 2
5.31404 5.55187 2
5.65702 6.27593 2
5.07372 5.59931 2
5.03686 6.29965 2
4.84948 5.53271 2
4.42474 6.26636 2
4.72923 5.43546 2
3.86462 6.21773 2
4.64043 5.29696 2
3.82021 5.64848 2
4.60057 5.07622 2
3.80028 5.03811 2
4.65708 4.868 2
3.82854 4.434 2
0 0 3
1 0 3
2 0 3
3 0 3
4 0 3
5 0 3
6 0 3
7 0 3
8 0 3
9 0 3
10 0 3
0 1 3
1 1 3
2 1 3
3 1 3
4 1 3
5 1 3
6 1 3
7 1 3
8 1 3
9 1 3
10 1 3
0 2 3
1 2 3
2 2 3
3 2 3
4 2 3
5 2 3
6 2 3
7 2 3
8 2 3
9 2 3
10 2 3
0 3 3
1 3 3
2 3 3
3 3 3
4 3 3
5 3 3
6 3 3
7 3 3
8 3 3
9 3 3
10 3 3
0 4 3
1 4 3
2 4 3
3 4 3
7 4 3
8 4 3
9 4 3
10 4 3
0 5 3
1 5 3
2 5 3
3 5 3
7 5 3
8 5 3
9 5 3
10 5 3
0 6 3
1 6 3
2 6 3
3 6 3
7 6 3
8 6 3
9 6 3
10 6 3
0 7 3
1 7 3
2 7 3
3 7 3
4 7 3
5 7 3
6 7 3
7 7 3
8 7 3
9 7 3
10 7 3
0 8 3
1 8 3
2 8 3
3 8 3
4 8 3
5 8 3
6 8 3
7 8 3
8 8 3
9 8 3
10 8 3
0 9 3
1 9 3
2 9 3
3 9 3
4 9 3
5 9 3
6 9 3
7 9 3
8 9 3
9 9 3
10 9 3
0 10 3
1 10 3
2 10 3
3 10 3
4 10 3
5 10 3
6 10 3
7 10 3
8 10 3
9 10 3
10 10 3
4.74645 4.74645 3
3.87322 3.87322 3
4.868 4.65708 3
4.434 3.82854 3
5.07622 4.60057 3
5.03811 3.80028 3
5.29696 4.64043 3
5.64848 3.82021 3
5.43546 4.72923 3
6.21773 3.86462 3
5.53271 4.84948 3
6.26636 4.42474 3
5.59931 5.07372 3
6.29965 5.03686 3
5.55187 5.31404 3
6.27593 5.65702 3
5.45355 5.45355 3
6.22678 6.22678 3
5.31404 5.55187 3
5.65702 6.27593 3
5.07372 5.59931 3
5.03686 6.29965 3
4.84948 5.53271 3
4.42474 6.26636 3
4.72923 5.43546 3
3.86462 6.21773 3
4.64043 5.29696 3
3.82021 5.64848 3
4.60057 5.07622 3
3.80028 5.03811 3
4.65708 4.868 3
3.82854 4.434 3
0 0 4
1 0 4
2 0 4
3 0 4
4 0 4
5 0 4
6 0 4
7 0 4
8 0 4
9 0 4
10 0 4
0 1 4
1 1 4
2 1 4
3 1 4
4 1 4
5 1 4
6 1 4
7 1 4
8 1 4
9 1 4
10 1 4
0 2 4
1 2 4
2 2 4
3 2 4
4 2 4
5 2 4
6 2 4
7 2 4
8 2 4
9 2 4
10 2 4
0 3 4
1 3 4
2 3 4
3 3 4
4 3 4
5 3 4
6 3 4
7 3 4
8 3 4
9 3 4
10 3 4
0 4 4
1 4 4
2 4 4
3 4 4
7 4 4
8 4 4
9 4 4
10 4 4
0 5 4
1 5 4
2 5 4
3 5 4
7 5 4
8 5 4
9 5 4
10 5 4
0 6 4
1 6 4
2 6 4
3 6 4
7 6 4
8 6 4
9 6 4
10 6 4
0 7 4
1 7 4
2 7 4
3 7 4
4 7 4
5 7 4
6 7 4
7 7 4
8 7 4
9 7 4
10 7 4
0 8 4
1 8 4
2 8 4
3 8 4
4 8 4
5 8 4
6 8 4
7 8 4
8 8 4
9 8 4
10 8 4
0 9 4
1 9 4
2 9 4
3 9 4
4 9 4
5 9 4
6 9 4
7 9 4
8 9 4
9 9 4
10 9 4
0 10 4
1 10 4
2 10 4
3 10 4
4 10 4
5 10 4
6 10 4
7 10 4
8 10 4
9 10 4
10 10 4
4.74645 4.74645 4
3.87322 3.87322 4
4.868 4.65708 4
4.434 3.82854 4
5.07622 4.60057 4
5.03811 3.80028 4
5.29696 4.64043 4
5.64848 3.82021 4
5.43546 4.72923 4
6.21773 3.86462 4
5.53271 4.84948 4
6.26636 4.42474 4
5.59931 5.07372 4
6.29965 5.03686 4
5.55187 5.31404 4
6.27593 5.65702 4
5.45355 5.45355 4
6.22678 6.22678 4
5.31404 5.55187 4
5.65702 6.27593 4
5.07372 5.59931 4
5.03686 6.29965 4
4.84948 5.53271 4
4.42474 6.26636 4
4.72923 5.43546 4
3.86462 6.21773 4
4.64043 5.29696 4
3.82021 5.64848 4
4.60057 5.07622 4
3.80028 5.03811 4
4.65708 4.868 4
3.82854 4.434 4
0 0 5.1
1 0 5.1
2 0 5.1
3 0 5.1
4 0 5.1
5 0 5.1
6 0 5.1
7 0 5.1
8 0 5.1
9 0 5.1
10 0 5.1
0 1 5.1
1 1 5.1
2 1 5.1
3 1 5.1
4 1 5.1
5 1 5.1
6 1 5.1
7 1 5.1
8 1 5.1
9 1 5.1
10 1 5.1
0 2 5.1
1 2 5.1
2 2 5.1
3 2 5.1
4 2 5.1
5 2 5.1
6 2 5.1
7 2 5.1
8 2 5.1
9 2 5.1
10 2 5.1
0 3 5.1
1 3 5.1
2 3 5.1
3 3 5.1
4 3 5.1
5 3 5.1
6 3 5.1
7 3 5.1
8 3 5.1
9 3 5.1
10 3 5.1
0 4 5.1
1 4 5.1
2 4 5.1
3 4 5.1
7 4 5.1
8 4 5.1
9 4 5.1
10 4 5.1
0 5 5.1
1 5 5.1
2 5 5.1
3 5 5.1
7 5 5.1
8 5 5.1
9 5 5.1
10 5 5.1
0 6 5.1
1 6 5.1
2 6 5.1
3 6 5.1
7 6 5.1
8 6 5.1
9 6 5.1
10 6 5.1
0 7 5.1
1 7 5.1
2 7 5.1
3 7 5.1
4 7 5.1
5 7 5.1
6 7 5.1
7 7 5.1
8 7 5.1
9 7 5.1
10 7 5.1
0 8 5.1
1 8 5.1
2 8 5.1
3 8 5.1
4 8 5.1
5 8 5.1
6 8 5.1
7 8 5.1
8 8 5.1
9 8 5.1
10 8 5.1
0 9 5.1
1 9 5.1
2 9 5.1
3 9 5.1
4 9 5.1
5 9 5.1
6 9 5.1
7 9 5.1
8 9 5.1
9 9 5.1
10 9 5.1
0 10 5.1
1 10 5.1
2 10 5.1
3 10 5.1
4 10 5.1
5 10 5.1
6 10 5.1
7 10 5.1
8 10 5.1
9 10 5.1
10 10 5.1
4.74645 4.74645 5.1
3.87322 3.87322 5.1
4.868 4.65708 5.1
4.434 3.82854 5.1
5.07622 4.60057 5.1
5.03811 3.80028 5.1
5.29696 4.64043 5.1
5.64848 3.82021 5.1
5.43546 4.72923 5.1
6.21773 3.86462 5.1
5.53271 4.84948 5.1
6.26636 4.42474 5.1
5.59931 5.07372 5.1
6.29965 5.03686 5.1
5.55187 5.31404 5.1
6.27593 5.65702 5.1
5.45355 5.45355 5.1
6.22678 6.22678 5.1
5.31404 5.55187 5.1
5.65702 6.27593 5.1
5.07372 5.59931 5.1
5.03686 6.29965 5.1
4.84948 5.53271 5.1
4.42474 6.26636 5.1
4.72923 5.43546 5.1
3.86462 6.21773 5.1
4.64043 5.29696 5.1
3.82021 5.64848 5.1
4.60057 5.07622 5.1
3.80028 5.03811 5.1
4.65708 4.868 5.1
3.82854 4.434 5.1
0 0 6.1
1 0 6.1
2 0 6.1
3 0 6.1
4 0 6.1
5 0 6.1
6 0 6.1
7 0 6.1
8 0 6.1
9 0 6.1
10 0 6.1
0 1 6.1
1 1 6.1
2 1 6.1
3 1 6.1
4 1 6.1
5 1 6.1
6 1 6.1
7 1 6.1
8 1 6.1
9 1 6.1
10 1 6.1
0 2 6.1
1 2 6.1
2 2 6.1
3 2 6.1
4 2 6.1
5 2 6.1
6 2 6.1
7 2 6.1
8 2 6.1
9 2 6.1
10 2 6.1
0 3 6.1
1 3 6.1
2 3 6.1
3 3 6.1
4 3 6.1
5 3 6.1
6 3 6.1
7 3 6.1
8 3 6.1
9 3 6.1
10 3 6.1
0 4 6.1
1 4 6.1
2 4 6.1
3 4 6.1
7 4 6.1
8 4 6.1
9 4 6.1
10 4 6.1
0 5 6.1
1 5 6.1
2 5 6.1
3 5 6.1
7 5 6.1
8 5 6.1
9 5 6.1
10 5 6.1
0 6 6.1
1 6 6.1
2 6 6.1
3 6 6.1
7 6 6.1
8 6 6.1
9 6 6.1
10 6 6.1
0 7 6.1
1 7 6.1
2 7 6.1
3 7 6.1
4 7 6.1
5 7 6.1
6 7 6.1
7 7 6.1
8 7 6.1
9 7 6.1
10 7 6.1
0 8 6.1
1 8 6.1
2 8 6.1
3 8 6.1
4 8 6.1
5 8 6.1
6 8 6.1
7 8 6.1
8 8 6.1
9 8 6.1
10 8 6.1
0 9 6.1
1 9 6.1
2 9 6.1
3 9 6.1
4 9 6.1
5 9 6.1
6 9 6.1
7 9 6.1
8 9 6.1
9 9 6.1
10 9 6.1
0 10 6.1
1 10 6.1
2 10 6.1
3 10 6.1
4 10 6.1
5 10 6.1
6 10 6.1
7 10 6.1
8 10 6.1
9 10 6.1
10 10 6.1
4.74645 4.74645 6.1
3.87322 3.87322 6.1
4.868 4.65708 6.1
4.434 3.82854 6.1
5.07622 4.60057 6.1
5.03811 3.80028 6.1
5.29696 4.64043 6.1
5.64848 3.82021 6.1
5.43546 4.72923 6.1
6.21773 3.86462 6.1
5.53271 4.84948 6.1
6.26636 4.42474 6.1
5.59931 5.07372 6.1
6.29965 5.03686 6.1
5.55187 5.31404 6.1
6.27593 5.65702 6.1
5.45355 5.45355 6.1
6.22678 6.22678 6.1
5.31404 5.55187 6.1
5.65702 6.27593 6.1
5.07372 5.59931 6.1
5.03686 6.29965 6.1
4.84948 5.53271 6.1
4.42474 6.26636 6.1
4.72923 5.43546 6.1
3.86462 6.21773 6.1
4.64043 5.29696 6.1
3.82021 5.64848 6.1
4.60057 5.07622 6.1
3.80028 5.03811 6.1
4.65708 4.868 6.1
3.82854 4.434 6.1
0 0 7
1 0 7
2 0 7
3 0 7
4 0 7
5 0 7
6 0 7
7 0 7
8 0 7
9 0 7
10 0 7
0 1 7
1 1 7
2 1 7
3 1 7
4 1 7
5 1 7
6 1 7
7 1 7
8 1 7
9 1 7
10 1 7
0 2 7
1 2 7
2 2 7
3 2 7
4 2 7
5 2 7
6 2 7
7 2 7
8 2 7
9 2 7
10 2 7
0 3 7
1 3 7
2 3 7
3 3 7
4 3 7
5 3 7
6 3 7
7 3 7
8 3 7
9 3 7
10 3 7
0 4 7
1 4 7
2 4 7
3 4 7
7 4 7
8 4 7
9 4 7
10 4 7
0 5 7
1 5 7
2 5 7
3 5 7
7 5 7
8 5 7
9 5 7
10 5 7
0 6 7
1 6 7
2 6 7
3 6 7
7 6 7
8 6 7
9 6 7
10 6 7
0 7 7
1 7 7
2 7 7
3 7 7
4 7 7
5 7 7
6 7 7
7 7 7
8 7 7
9 7 7
10 7 7
0 8 7
1 8 7
2 8 7
3 8 7
4 8 7
5 8 7
6 8 7
7 8 7
8 8 7
9 8 7
10 8 7
0 9 7
1 9 7
2 9 7
3 9 7
4 9 7
5 9 7
6 9 7
7 9 7
8 9 7
9 9 7
10 9 7
0 10 7
1 10 7
2 10 7
3 10 7
4 10 7
5 10 7
6 10 7
7 10 7
8 10 7
9 10 7
10 10 7
4.74645 4.74645 7
3.87322 3.87322 7
4.868 4.65708 7
4.434 3.82854 7
5.07622 4.60057 7
5.03811 3.80028 7
5.29696 4.64043 7
5.64848 3.82021 7
5.43546 4.72923 7
6.21773 3.86462 7
5.53271 4.84948 7
6.26636 4.42474 7
5.59931 5.07372 7
6.29965 5.03686 7
5.55187 5.31404 7
6.27593 5.65702 7
5.45355 5.45355 7
6.22678 6.22678 7
5.31404 5.55187 7
5.65702 6.27593 7
5.07372 5.59931 7
5.03686 6.29965 7
4.84948 5.53271 7
4.42474 6.26636 7
4.72923 5.43546 7
3.86462 6.21773 7
4.64043 5.29696 7
3.82021 5.64848 7
4.60057 5.07622 7
3.80028 5.03811 7
4.65708 4.868 7
3.82854 4.434 7
0 0 8
1 0 8
2 0 8
3 0 8
4 0 8
5 0 8
6 0 8
7 0 8
8 0 8
9 0 8
10 0 8
0 1 8
1 1 8
2 1 8
3 1 8
4 1 8
5 1 8
6 1 8
7 1 8
8 1 8
9 1 8
10 1 8
0 2 8
1 2 8
2 2 8
3 2 8
4 2 8
5 2 8
6 2 8
7 2 8
8 2 8
9 2 8
10 2 8
0 3 8
1 3 8
2 3 8
3 3 8
4 3 8
5 3 8
6 3 8
7 3 8
8 3 8
9 3 8
10 3 8
0 4 8
1 4 8
2 4 8
3 4 8
7 4 8
8 4 8
9 4 8
10 4 8
0 5 8
1 5 8
2 5 8
3 5 8
7 5 8
8 5 8
9 5 8
10 5 8
0 6 8
1 6 8
2 6 8
3 6 8
7 6 8
8 6 8
9 6 8
10 6 8
0 7 8
1 7 8
2 7 8
3 7 8
4 7 8
5 7 8
6 7 8
7 7 8
8 7 8
9 7 8
10 7 8
0 8 8
1 8 8
2 8 8
3 8 8
4 8 8
5 8 8
6 8 8
7 8 8
8 8 8
9 8 8
10 8 8
0 9 8
1 9 8
2 9 8
3 9 8
4 9 8
5 9 8
6 9 8
7 9 8
8 9 8
9 9 8
10 9 8
0 10 8
1 10 8
2 10 8
3 10 8
4 10 8
5 10 8
6 10 8
7 10 8
8 10 8
9 10 8
10 10 8
4.74645 4.74645 8
3.87322 3.87322 8
4.868 4.65708 8
4.434 3.82854 8
5.07622 4.60057 8
5.03811 3.80028 8
5.29696 4.64043 8
5.64848 3.82021 8
5.43546 4.72923 8
6.21773 3.86462 8
5.53271 4.84948 8
6.26636 4.42474 8
5.59931 5.07372 8
6.29965 5.03686 8
5.55187 5.31404 8
6.27593 5.65702 8
5.45355 5.45355 8
6.22678 6.22678 8
5.31404 5.55187 8
5.65702 6.27593 8
5.07372 5.59931 8
5.03686 6.29965 8
4.84948 5.53271 8
4.42474 6.26636 8
4.72923 5.43546 8
3.86462 6.21773 8
4.64043 5.29696 8
3.82021 5.64848 8
4.60057 5.07622 8
3.80028 5.03811 8
4.65708 4.868 8
3.82854 4.434 8
0 0 9
1 0 9
2 0 9
3 0 9
4 0 9
5 0 9
6 0 9
7 0 9
8 0 9
9 0 9
10 0 9
0 1 9
1 1 9
2 1 9
3 1 9
4 1 9
5 1 9
6 1 9
7 1 9
8 1 9
9 1 9
10 1 9
0 2 9
1 2 9
2 2 9
3 2 9
4 2 9
5 2 9
6 2 9
7 2 9
8 2 9
9 2 9
10 2 9
0 3 9
1 3 9
2 3 9
3 3 9
4 3 9
5 3 9
6 3 9
7 3 9
8 3 9
9 3 9
10 3 9
0 4 9
1 4 9
2 4 9
3 4 9
7 4 9
8 4 9
9 4 9
10 4 9
0 5 9
1 5 9
2 5 9
3 5 9
7 5 9
8 5 9
9 5 9
10 5 9
0 6 9
1 6 9
2 6 9
3 6 9
7 6 9
8 6 9
9 6 9
10 6 9
0 7 9
1 7 9
2 7 9
3 7 9
4 7 9
5 7 9
6 7 9
7 7 9
8 7 9
9 7 9
10 7 9
0 8 9
1 8 9
2 8 9
3 8 9
4 8 9
5 8 9
6 8 9
7 8 9
8 8 9
9 8 9
10 8 9
0 9 9
1 9 9
2 9 9
3 9 9
4 9 9
5 9 9
6 9 9
7 9 9
8 9 9
9 9 9
10 9 9
0 10 9
1 10 9
2 10 9
3 10 9
4 10 9
5 10 9
6 10 9
7 10 9
8 10 9
9 10 9
10 10 9
4.74645 4.74645 9
3.87322 3.87322 9
4.868 4.65708 9
4.434 3.82854 9
5.07622 4.60057 9
5.03811 3.80028 9
5.29696 4.64043 9
5.64848 3.82021 9
5.43546 4.72923 9
6.21773 3.86462 9
5.53271 4.84948 9
6.26636 4.42474 9
5.59931 5.07372 9
6.29965 5.03686 9
5.55187 5.31404 9
6.27593 5.65702 9
5.45355 5.45355 9
6.22678 6.22678 9
5.31404 5.55187 9
5.65702 6.27593 9
5.07372 5.59931 9
5.03686 6.29965 9
4.84948 5.53271 9
4.42474 6.26636 9
4.72923 5.43546 9
3.86462 6.21773 9
4.64043 5.29696 9
3.82021 5.64848 9
4.60057 5.07622 9
3.80028 5.03811 9
4.65708 4.868 9
3.82854 4.434 9
0 0 10
1 0 10
2 0 10
3 0 10
4 0 10
5 0 10
6 0 10
7 0 10
8 0 10
9 0 10
10 0 10
0 1 10
1 1 10
2 1 10
3 1 10
4 1 10
5 1 10
6 1 10
7 1 10
8 1 10
9 1 10
10 1 10
0 2 10
1 2 10
2 2 10
3 2 10
4 2 10
5 2 10
6 2 10
7 2 10
8 2 10
9 2 10
10 2 10
0 3 10
1 3 10
2 3 10
3 3 10
4 3 10
5 3 10
6 3 10
7 3 10
8 3 10
9 3 10
10 3 10
0 4 10
1 4 10
2 4 10
3 4 10
7 4 10
8 4 10
9 4 10
10 4 10
0 5 10
1 5 10
2 5 10
3 5 10
7 5 10
8 5 10
9 5 10
10 5 10
0 6 10
1 6 10
2 6 10
3 6 10
7 6 10
8 6 10
9 6 10
10 6 10
0 7 10
1 7 10
2 7 10
3 7 10
4 7 10
5 7 10
6 7 10
7 7 10
8 7 10
9 7 10
10 7 10
0 8 10
1 8 10
2 8 10
3 8 10
4 8 10
5 8 10
6 8 10
7 8 10
8 8 10
9 8 10
10 8 10
0 9 10
1 9 10
2 9 10
3 9 10
4 9 10
5 9 10
6 9 10
7 9 10
8 9 10
9 9 10
10 9 10
0 10 10
1 10 10
2 10 10
3 10 10
4 10 10
5 10 10
6 10 10
7 10 10
8 10 10
9 10 10
10 10 10
4.74645 4.74645 10
3.87322 3.87322 10
4.868 4.65708 10
4.434 3.82854 10
5.07622 4.60057 10
5.03811 3.80028 10
5.29696 4.64043 10
5.64848 3.82021 10
5.43546 4.72923 10
6.21773 3.86462 10
5.53271 4.84948 10
6.26636 4.42474 10
5.59931 5.07372 10
6.29965 5.03686 10
5.55187 5.31404 10
6.27593 5.65702 10
5.45355 5.45355 10
6.22678 6.22678 10
5.31404 5.55187 10
5.65702 6.27593 10
5.07372 5.59931 10
5.03686 6.29965 10
4.84948 5.53271 10
4.42474 6.26636 10
4.72923 5.43546 10
3.86462 6.21773 10
4.64043 5.29696 10
3.82021 5.64848 10
4.60057 5.07622 10
3.80028 5.03811 10
4.65708 4.868 10
3.82854 4.434 10
