1              0              0              0              0              0              0              0              0              0              0              0              0              0              0              0              0              0              0              0              0              0              0              0              0              0              0              
0              1              0              0              0              0              0              0              0              0              0              0              0              0              0              0              0              0              0              0              0              0              0              0              0              0              0              
0              0              1              0              0              0              0              0              0              0              0              0              0              0              0              0              0              0              0              0              0              0              0              0              0              0              0              
0              0              0              1              0              0              0              0              0              0              0              0              0              0              0              0              0              0              0              0              0              0              0              0              0              0              0              
0              0              0              0              1              0              0              0              0              0              0              0              0              0              0              0              0              0              0              0              0              0              0              0              0              0              0              
0              0              0              0              0              1              0              0              0              0              0              0              0              0              0              0              0              0              0              0              0              0              0              0              0              0              0              
0              0              0              0              0              0              1              0              0              0              0              0              0              0              0              0              0              0              0              0              0              0              0              0              0              0              0              
0              0              0              0              0              0              0              1              0              0              0              0              0              0              0              0              0              0              0              0              0              0              0              0              0              0              0              
0              0              0              0              0              0              0              0              1              0              0              0              0              0              0              0              0              0              0              0              0              0              0              0              0              0              0              
0              0              0              0              0              0              0              0              0              1              0              0              0              0              0              0              0              0              0              0              0              0              0              0              0              0              0              
-0.0833333     -2.73219e-17   -0.0833333     -0.0833333     -0.166667      -0.0833333     0              0              0              -2.9924e-17    1.33333        -5.20417e-18   -0.166667      -3.69442e-17   -0.166667      0              0              0              -0.0833333     -1.56125e-17   -0.0833333     -0.0833333     -0.166667      -0.0833333     0              0              0              
0              0              0              0              0              0              0              0              0              0              0              1              0              0              0              0              0              0              0              0              0              0              0              0              0              0              0              
0              0              0              0              0              0              0              0              0              0              0              0              1              0              0              0              0              0              0              0              0              0              0              0              0              0              0              
-0.0833333     -0.166667      -0.0833333     -0.166667      -5.29633e-17   -0.166667      -0.0833333     -0.166667      -0.0833333     -0.166667      -3.69442e-17   -0.166667      -4.1281e-17    2.66667        -2.52145e-17   -0.166667      -1.65409e-17   -0.166667      -0.0833333     -0.166667      -0.0833333     -0.166667      -3.11505e-17   -0.166667      -0.0833333     -0.166667      -0.0833333     
0              0              0              0              0              0              0              0              0              0              0              0              0              0              1              0              0              0              0              0              0              0              0              0              0              0              0              
0              0              0              0              0              0              0              0              0              0              0              0              0              0              0              1              0              0              0              0              0              0              0              0              0              0              0              
0              0              0              0              0              0              0              0              0              0              0              0              0              0              0              0              1              0              0              0              0              0              0              0              0              0              0              
0              0              0              0              0              0              0              0              0              0              0              0              0              0              0              0              0              1              0              0              0              0              0              0              0              0              0              
0              0              0              0              0              0              0              0              0              0              0              0              0              0              0              0              0              0              1              0              0              0              0              0              0              0              0              
0              0              0              0              0              0              0              0              0              0              0              0              0              0              0              0              0              0              0              1              0              0              0              0              0              0              0              
0              0              0              0              0              0              0              0              0              0              0              0              0              0              0              0              0              0              0              0              1              0              0              0              0              0              0              
0              0              0              0              0              0              0              0              0              0              0              0              0              0              0              0              0              0              0              0              0              1              0              0              0              0              0              
0              0              0              0              0              0              0              0              0              0              0              0              0              0              0              0              0              0              0              0              0              0              1              0              0              0              0              
0              0              0              0              0              0              0              0              0              0              0              0              0              0              0              0              0              0              0              0              0              0              0              1              0              0              0              
0              0              0              0              0              0              0              0              0              0              0              0              0              0              0              0              0              0              0              0              0              0              0              0              1              0              0              
0              0              0              0              0              0              0              0              0              0              0              0              0              0              0              0              0              0              0              0              0              0              0              0              0              1              0              
0              0              0              0              0              0              0              0              0              0              0              0              0              0              0              0              0              0              0              0              0              0              0              0              0              0              1              
