0 0 1.3e+07
1 0 1.3e+07
2 0 1.3e+07
3 0 1.3e+07
4 0 1.3e+07
5 0 1.3e+07
6 0 1.3e+07
7 0 1.3e+07
8 0 1.3e+07
9 0 1.3e+07
10 0 1.3e+07
0 1 1.3e+07
1 1 0
2 1 0
3 1 0
4 1 0
5 1 0
6 1 0
7 1 0
8 1 0
9 1 0
10 1 1.3e+07
0 2 1.3e+07
1 2 0
2 2 0
3 2 0
4 2 0
5 2 0
6 2 0
7 2 0
8 2 0
9 2 0
10 2 1.3e+07
0 3 1.3e+07
1 3 0
2 3 0
3 3 0
4 3 0
5 3 0
6 3 0
7 3 0
8 3 0
9 3 0
10 3 1.3e+07
0 4 1.3e+07
1 4 0
2 4 0
3 4 0
7 4 0
8 4 0
9 4 0
10 4 1.3e+07
0 5 1.3e+07
1 5 0
2 5 0
3 5 0
7 5 0
8 5 0
9 5 0
10 5 1.3e+07
0 6 1.3e+07
1 6 0
2 6 0
3 6 0
7 6 0
8 6 0
9 6 0
10 6 1.3e+07
0 7 1.3e+07
1 7 0
2 7 0
3 7 0
4 7 0
5 7 0
6 7 0
7 7 0
8 7 0
9 7 0
10 7 1.3e+07
0 8 1.3e+07
1 8 0
2 8 0
3 8 0
4 8 0
5 8 0
6 8 0
7 8 0
8 8 0
9 8 0
10 8 1.3e+07
0 9 1.3e+07
1 9 0
2 9 0
3 9 0
4 9 0
5 9 0
6 9 0
7 9 0
8 9 0
9 9 0
10 9 1.3e+07
0 10 1.3e+07
1 10 1.3e+07
2 10 1.3e+07
3 10 1.3e+07
4 10 1.3e+07
5 10 1.3e+07
6 10 1.3e+07
7 10 1.3e+07
8 10 1.3e+07
9 10 1.3e+07
10 10 1.3e+07
4.74645 4.74645 -69715.4
3.87322 3.87322 0
4.868 4.65708 -18324.8
4.434 3.82854 0
5.07622 4.60057 -49096.1
5.03811 3.80028 0
5.29696 4.64043 -64068.3
5.64848 3.82021 0
5.43546 4.72923 -34852.8
6.21773 3.86462 0
5.53271 4.84948 -34478.3
6.26636 4.42474 0
5.59931 5.07372 -34078.2
6.29965 5.03686 0
5.55187 5.31404 -20598.8
6.27593 5.65702 0
5.45355 5.45355 -58747.9
6.22678 6.22678 0
5.31404 5.55187 -69391.9
5.65702 6.27593 0
5.07372 5.59931 -34536.2
5.03686 6.29965 0
4.84948 5.53271 -35873.2
4.42474 6.26636 0
4.72923 5.43546 -36253.7
3.86462 6.21773 0
4.64043 5.29696 -18680.2
3.82021 5.64848 0
4.60057 5.07622 -50543.4
3.80028 5.03811 0
4.65708 4.868 -68094.4
3.82854 4.434 0
