160
112 114 256 258 0
114 116 258 260 0
116 118 260 262 0
118 120 262 264 0
120 122 264 266 0
122 124 266 268 0
124 126 268 270 0
126 128 270 272 0
128 130 272 274 0
130 132 274 276 0
132 134 276 278 0
134 136 278 280 0
136 138 280 282 0
138 140 282 284 0
140 142 284 286 0
142 112 286 256 0
256 258 400 402 0
258 260 402 404 0
260 262 404 406 0
262 264 406 408 0
264 266 408 410 0
266 268 410 412 0
268 270 412 414 0
270 272 414 416 0
272 274 416 418 0
274 276 418 420 0
276 278 420 422 0
278 280 422 424 0
280 282 424 426 0
282 284 426 428 0
284 286 428 430 0
286 256 430 400 0
400 402 544 546 0
402 404 546 548 0
404 406 548 550 0
406 408 550 552 0
408 410 552 554 0
410 412 554 556 0
412 414 556 558 0
414 416 558 560 0
416 418 560 562 0
418 420 562 564 0
420 422 564 566 0
422 424 566 568 0
424 426 568 570 0
426 428 570 572 0
428 430 572 574 0
430 400 574 544 0
544 546 688 690 0
546 548 690 692 0
548 550 692 694 0
550 552 694 696 0
552 554 696 698 0
554 556 698 700 0
556 558 700 702 0
558 560 702 704 0
560 562 704 706 0
562 564 706 708 0
564 566 708 710 0
566 568 710 712 0
568 570 712 714 0
570 572 714 716 0
572 574 716 718 0
574 544 718 688 0
688 690 832 834 0
690 692 834 836 0
692 694 836 838 0
694 696 838 840 0
696 698 840 842 0
698 700 842 844 0
700 702 844 846 0
702 704 846 848 0
704 706 848 850 0
706 708 850 852 0
708 710 852 854 0
710 712 854 856 0
712 714 856 858 0
714 716 858 860 0
716 718 860 862 0
718 688 862 832 0
832 834 976 978 1000
834 836 978 980 1000
836 838 980 982 1000
838 840 982 984 1000
840 842 984 986 1000
842 844 986 988 1000
844 846 988 990 1000
846 848 990 992 1000
848 850 992 994 1000
850 852 994 996 1000
852 854 996 998 1000
854 856 998 1000 1000
856 858 1000 1002 1000
858 860 1002 1004 1000
860 862 1004 1006 1000
862 832 1006 976 1000
976 978 1120 1122 0
978 980 1122 1124 0
980 982 1124 1126 0
982 984 1126 1128 0
984 986 1128 1130 0
986 988 1130 1132 0
988 990 1132 1134 0
990 992 1134 1136 0
992 994 1136 1138 0
994 996 1138 1140 0
996 998 1140 1142 0
998 1000 1142 1144 0
1000 1002 1144 1146 0
1002 1004 1146 1148 0
1004 1006 1148 1150 0
1006 976 1150 1120 0
1120 1122 1264 1266 0
1122 1124 1266 1268 0
1124 1126 1268 1270 0
1126 1128 1270 1272 0
1128 1130 1272 1274 0
1130 1132 1274 1276 0
1132 1134 1276 1278 0
1134 1136 1278 1280 0
1136 1138 1280 1282 0
1138 1140 1282 1284 0
1140 1142 1284 1286 0
1142 1144 1286 1288 0
1144 1146 1288 1290 0
1146 1148 1290 1292 0
1148 1150 1292 1294 0
1150 1120 1294 1264 0
1264 1266 1408 1410 0
1266 1268 1410 1412 0
1268 1270 1412 1414 0
1270 1272 1414 1416 0
1272 1274 1416 1418 0
1274 1276 1418 1420 0
1276 1278 1420 1422 0
1278 1280 1422 1424 0
1280 1282 1424 1426 0
1282 1284 1426 1428 0
1284 1286 1428 1430 0
1286 1288 1430 1432 0
1288 1290 1432 1434 0
1290 1292 1434 1436 0
1292 1294 1436 1438 0
1294 1264 1438 1408 0
1408 1410 1552 1554 0
1410 1412 1554 1556 0
1412 1414 1556 1558 0
1414 1416 1558 1560 0
1416 1418 1560 1562 0
1418 1420 1562 1564 0
1420 1422 1564 1566 0
1422 1424 1566 1568 0
1424 1426 1568 1570 0
1426 1428 1570 1572 0
1428 1430 1572 1574 0
1430 1432 1574 1576 0
1432 1434 1576 1578 0
1434 1436 1578 1580 0
1436 1438 1580 1582 0
1438 1408 1582 1552 0
